##FastQC	0.12.1
>>Basic Statistics	pass
#Measure	Value
Filename	ege_1765750669_SRR24940081.fastq
File type	Conventional base calls
Encoding	Sanger / Illumina 1.9
Total Sequences	2268524
Total Bases	539.3 Mbp
Sequences flagged as poor quality	0
Sequence length	35-251
%GC	50
>>END_MODULE
>>Per base sequence quality	pass
#Base	Mean	Median	Lower Quartile	Upper Quartile	10th Percentile	90th Percentile
1	33.514984633179985	34.0	34.0	34.0	34.0	34.0
2	33.440032373472796	34.0	34.0	34.0	34.0	34.0
3	33.49680849750763	34.0	34.0	34.0	34.0	34.0
4	33.504761245638136	34.0	34.0	34.0	34.0	34.0
5	33.51194300787649	34.0	34.0	34.0	34.0	34.0
6	37.13344491836983	38.0	38.0	38.0	36.0	38.0
7	37.029253823190764	38.0	38.0	38.0	36.0	38.0
8	36.97145809345636	38.0	38.0	38.0	36.0	38.0
9	36.94879137271636	38.0	38.0	38.0	36.0	38.0
10-14	36.96706704447474	38.0	38.0	38.0	36.0	38.0
15-19	36.98003926782348	38.0	38.0	38.0	36.0	38.0
20-24	36.96478891120394	38.0	38.0	38.0	35.8	38.0
25-29	36.82141039724508	38.0	38.0	38.0	35.0	38.0
30-34	36.870966848929086	38.0	38.0	38.0	35.6	38.0
35-39	36.91329455106538	38.0	38.0	38.0	36.0	38.0
40-44	36.86679513410751	38.0	38.0	38.0	35.2	38.0
45-49	36.81778508249632	38.0	38.0	38.0	35.0	38.0
50-54	36.86299246118487	38.0	38.0	38.0	35.2	38.0
55-59	36.79920546698011	38.0	38.0	38.0	35.0	38.0
60-64	36.74898444732635	38.0	38.0	38.0	35.0	38.0
65-69	36.71925206828899	38.0	38.0	38.0	34.6	38.0
70-74	36.69203582531681	38.0	38.0	38.0	34.4	38.0
75-79	36.59720419006858	38.0	37.6	38.0	34.0	38.0
80-84	36.55341302579724	38.0	37.4	38.0	34.0	38.0
85-89	36.62437461012844	38.0	38.0	38.0	34.0	38.0
90-94	36.59221244510768	38.0	38.0	38.0	34.0	38.0
95-99	36.56984115486462	38.0	37.8	38.0	34.0	38.0
100-104	36.37985901365648	38.0	37.0	38.0	34.0	38.0
105-109	36.43940390612299	38.0	37.0	38.0	34.0	38.0
110-114	36.49479947948634	38.0	37.0	38.0	34.0	38.0
115-119	36.453905530386805	38.0	37.4	38.0	34.0	38.0
120-124	36.339275972610835	38.0	37.0	38.0	34.0	38.0
125-129	36.33460096138334	38.0	37.0	38.0	34.0	38.0
130-134	36.260931513616114	38.0	37.0	38.0	33.8	38.0
135-139	36.28733242099211	38.0	37.0	38.0	34.0	38.0
140-144	36.227504505103084	38.0	37.0	38.0	34.0	38.0
145-149	36.166880710832864	38.0	37.0	38.0	33.4	38.0
150-154	36.15267528421978	38.0	37.0	38.0	33.2	38.0
155-159	36.08023140879693	38.0	37.0	38.0	33.0	38.0
160-164	36.09295886529546	38.0	37.0	38.0	33.0	38.0
165-169	35.839540564023096	38.0	37.0	38.0	31.4	38.0
170-174	35.80587598683614	38.0	37.0	38.0	31.0	38.0
175-179	35.77025254133007	38.0	37.0	38.0	31.0	38.0
180-184	35.61754335794169	38.0	36.4	38.0	29.6	38.0
185-189	35.51194210234658	38.0	36.0	38.0	29.0	38.0
190-194	35.39621200528755	38.0	36.0	38.0	28.0	38.0
195-199	35.25527387315697	38.0	36.0	38.0	27.2	38.0
200-204	35.06840800499575	38.0	35.8	38.0	26.0	38.0
205-209	34.77986207437976	38.0	35.0	38.0	25.0	38.0
210-214	34.60694638605541	37.8	35.0	38.0	24.6	38.0
215-219	34.190656686866895	37.0	34.4	38.0	23.4	38.0
220-224	33.70355421214216	37.0	33.8	38.0	22.0	38.0
225-229	33.170135392036435	37.0	31.8	38.0	21.0	38.0
230-234	32.57511771396618	37.0	29.8	37.8	19.8	38.0
235-239	32.01994913200273	37.0	29.2	37.2	19.0	38.0
240-244	31.276901356675786	36.4	27.6	37.0	18.0	37.6
245-249	30.55423400602958	35.0	26.0	37.0	17.0	37.0
250-251	25.47045976260563	26.5	18.0	33.0	12.0	37.0
>>END_MODULE
>>Per tile sequence quality	warn
#Tile	Base	Mean
1101	1	-0.0224168088377823
1101	2	0.05290490426462924
1101	3	0.059368746664894445
1101	4	0.09478944362567887
1101	5	0.13010341429117744
1101	6	0.24330119369940206
1101	7	0.3322304312874067
1101	8	0.3047372431221973
1101	9	0.33061579592875745
1101	10-14	0.24900541961029887
1101	15-19	0.21930377177680782
1101	20-24	0.23138665541922165
1101	25-29	0.21466684523343815
1101	30-34	0.1729140084097054
1101	35-39	0.16345746022587093
1101	40-44	0.14364278020595833
1101	45-49	0.1292847843017313
1101	50-54	-0.045718476355482096
1101	55-59	0.04330727418234659
1101	60-64	0.1593462931136287
1101	65-69	0.17369585577489488
1101	70-74	0.1454100381684924
1101	75-79	0.11159278561885344
1101	80-84	0.2770765804541995
1101	85-89	0.19390023350989338
1101	90-94	0.1712209816835255
1101	95-99	0.15999072306624385
1101	100-104	0.42980809952214116
1101	105-109	0.3162122210080369
1101	110-114	0.17127453656909353
1101	115-119	0.19468047295928415
1101	120-124	0.3136042043250171
1101	125-129	0.2994177161833491
1101	130-134	0.4152510303206327
1101	135-139	0.27193783644504776
1101	140-144	0.22406230557783857
1101	145-149	0.1434294014955242
1101	150-154	0.2835473182127686
1101	155-159	0.30007148119518945
1101	160-164	0.29797915209543646
1101	165-169	0.3359641603791488
1101	170-174	0.46421942679297956
1101	175-179	0.24054530553939202
1101	180-184	0.2593871869320594
1101	185-189	0.16694170120028673
1101	190-194	0.07323431280052262
1101	195-199	0.32863033559583954
1101	200-204	0.06445110080099425
1101	205-209	-0.22882328430561216
1101	210-214	-0.2439610747114429
1101	215-219	0.5340210052472543
1101	220-224	0.19241774099011977
1101	225-229	-0.29139469813301844
1101	230-234	-0.06091565855394876
1101	235-239	0.45278071955325316
1101	240-244	0.8577330525158118
1101	245-249	0.6009607045582506
1101	250-251	0.6206843017052499
1102	1	-0.025527004522437835
1102	2	0.0028186890475936366
1102	3	-0.030620391322855767
1102	4	-0.08216688828668595
1102	5	-0.023091530577517005
1102	6	-0.09068903975811082
1102	7	0.20758188930400934
1102	8	0.019890908779515826
1102	9	-0.18852580476716696
1102	10-14	-0.06408960151884457
1102	15-19	0.09246555132519063
1102	20-24	0.05539210353649082
1102	25-29	0.08120886641793135
1102	30-34	0.10213647976345186
1102	35-39	0.1848534104436439
1102	40-44	0.11439594349100446
1102	45-49	0.10621613199995039
1102	50-54	0.05270595812768164
1102	55-59	0.0019920689765271504
1102	60-64	0.035946768051140054
1102	65-69	0.07107329067027734
1102	70-74	-0.024565788107906883
1102	75-79	0.09318741315898649
1102	80-84	0.1632623904289261
1102	85-89	0.03304753720205866
1102	90-94	0.011347632555882115
1102	95-99	0.0627809048238035
1102	100-104	0.18069112923948438
1102	105-109	0.05974262065590352
1102	110-114	0.09236889845946195
1102	115-119	0.18352849076453026
1102	120-124	0.06571589460745741
1102	125-129	-0.05877689879088166
1102	130-134	0.16296833848176817
1102	135-139	0.010496599311210275
1102	140-144	0.035400793677780484
1102	145-149	0.004636524809278342
1102	150-154	0.1283707522701505
1102	155-159	0.05172404352579463
1102	160-164	0.01835796601930184
1102	165-169	0.2021134253486352
1102	170-174	0.31024937542773756
1102	175-179	0.16544087083814674
1102	180-184	9.012529507401723E-5
1102	185-189	0.07589265097760745
1102	190-194	0.07895705403031172
1102	195-199	0.1196015425175645
1102	200-204	0.16198335516329365
1102	205-209	0.08284082624930278
1102	210-214	0.0882704413922113
1102	215-219	-0.006761096895729679
1102	220-224	0.1874170190530613
1102	225-229	-0.05717374993485791
1102	230-234	-0.23842909101753662
1102	235-239	-0.28545420030251023
1102	240-244	-0.247986398802567
1102	245-249	-0.213351808523921
1102	250-251	0.21144237897732765
1103	1	0.06648875159903156
1103	2	0.014525634572372326
1103	3	-0.03021530815915696
1103	4	0.01411676343238355
1103	5	0.04940769194904959
1103	6	0.19332564055677182
1103	7	0.009917525582601172
1103	8	-0.22904205418030443
1103	9	-0.023949341033464577
1103	10-14	0.11569285072189928
1103	15-19	0.022504206389591275
1103	20-24	0.05476367600955001
1103	25-29	0.04385126921578575
1103	30-34	0.14854282383444684
1103	35-39	0.028408471812028324
1103	40-44	0.05632274887852162
1103	45-49	0.030187327688416588
1103	50-54	0.03988285110397527
1103	55-59	0.020105298618744882
1103	60-64	0.05178190085497647
1103	65-69	0.09885515965123659
1103	70-74	0.16333333516129045
1103	75-79	0.05718994360461238
1103	80-84	0.23142259454530745
1103	85-89	0.03930473661694123
1103	90-94	0.13585443799495778
1103	95-99	0.10077416094191705
1103	100-104	0.2870179087401752
1103	105-109	0.13227968479082364
1103	110-114	0.1696406319977939
1103	115-119	0.24077247833982085
1103	120-124	0.22729907489760137
1103	125-129	0.1319870391869813
1103	130-134	-5.61313801017711
1103	135-139	0.06015310395627438
1103	140-144	0.1500792870585883
1103	145-149	0.1334563279488279
1103	150-154	0.23251437128831043
1103	155-159	0.17900834038110247
1103	160-164	0.23610525900640056
1103	165-169	0.31507842090893234
1103	170-174	0.43764205246058197
1103	175-179	0.2607613956958872
1103	180-184	0.22711888821494597
1103	185-189	0.26954698255909904
1103	190-194	0.19538711023275113
1103	195-199	0.18807715954547888
1103	200-204	0.2865671735300097
1103	205-209	0.5573467020235796
1103	210-214	0.4538434666916302
1103	215-219	0.36239809382600185
1103	220-224	0.3666767072733741
1103	225-229	0.856907291586058
1103	230-234	0.46748314467455643
1103	235-239	0.5982144628334396
1103	240-244	0.7497559576536297
1103	245-249	0.02933649458354637
1103	250-251	0.3398607421507549
1104	1	0.03416481952039874
1104	2	-0.04098299689431428
1104	3	0.03976478636926828
1104	4	-0.006432479178577921
1104	5	-0.0827008620329508
1104	6	-0.05309495553989052
1104	7	0.032295442286539355
1104	8	0.1290878684347021
1104	9	0.26935307136950826
1104	10-14	0.1014562632826852
1104	15-19	0.1159056032411101
1104	20-24	0.11446665545978618
1104	25-29	0.1679006606894191
1104	30-34	0.11745987970414973
1104	35-39	0.1984514939696993
1104	40-44	0.21982373348282636
1104	45-49	0.11779060062438163
1104	50-54	0.06661358614157109
1104	55-59	0.1522149659421288
1104	60-64	0.16446938750057427
1104	65-69	0.1696531968304953
1104	70-74	0.1558523696452454
1104	75-79	0.13471562482186528
1104	80-84	0.2849364831299681
1104	85-89	0.12752797873577038
1104	90-94	0.07969336062601684
1104	95-99	0.08359943544340354
1104	100-104	0.2653011941658221
1104	105-109	0.13114919060143393
1104	110-114	0.1788545809925779
1104	115-119	0.15414853188266164
1104	120-124	0.154851457362291
1104	125-129	0.07557417943237965
1104	130-134	0.21052703652045324
1104	135-139	0.09393338245752147
1104	140-144	0.08684336791701242
1104	145-149	0.060497966089855026
1104	150-154	0.10799218659205678
1104	155-159	-0.008223823383019635
1104	160-164	0.1120755468628829
1104	165-169	0.22340198290060442
1104	170-174	0.3843315537120944
1104	175-179	0.036959365530847776
1104	180-184	-0.07423117758172992
1104	185-189	0.06997520227095322
1104	190-194	-0.09334848014359665
1104	195-199	-0.05874537222506149
1104	200-204	-0.013116505126269828
1104	205-209	0.024516939803568505
1104	210-214	0.36821462592940435
1104	215-219	0.544443914427525
1104	220-224	0.4155238437090709
1104	225-229	-0.15501922872742924
1104	230-234	0.4577468170647556
1104	235-239	0.5115401412528335
1104	240-244	0.5335152992348533
1104	245-249	0.045453622348460954
1104	250-251	0.06547880236803749
1105	1	-0.09464540762012774
1105	2	0.006613233219688652
1105	3	0.0395710542611738
1105	4	-0.007888127856908511
1105	5	0.045457811827489536
1105	6	0.05559201333885255
1105	7	0.10055702432725866
1105	8	0.25753857375762124
1105	9	-0.15759380968548697
1105	10-14	0.1528988035250336
1105	15-19	0.06343853992597559
1105	20-24	0.11306638505306665
1105	25-29	0.031538783249679625
1105	30-34	0.0014876707016853175
1105	35-39	0.06594308074230071
1105	40-44	0.17568750735776462
1105	45-49	0.06833938518573746
1105	50-54	0.016193135333978148
1105	55-59	0.12211675118491172
1105	60-64	0.1891456590515901
1105	65-69	0.20217295104492905
1105	70-74	0.10847722622354894
1105	75-79	0.1551813953139458
1105	80-84	0.3170131521284105
1105	85-89	0.050794088031388185
1105	90-94	0.10770541231455155
1105	95-99	0.14695841397632137
1105	100-104	0.4404334932437308
1105	105-109	0.2742492514028072
1105	110-114	0.10631744914169872
1105	115-119	0.21527508513585047
1105	120-124	0.26192270454657773
1105	125-129	0.22132598296174422
1105	130-134	0.34677055916562693
1105	135-139	0.1430329810699149
1105	140-144	0.23019611638599713
1105	145-149	0.22313385401233887
1105	150-154	0.13256958394901375
1105	155-159	0.1234511038162367
1105	160-164	0.2358072807460232
1105	165-169	0.3066012383416279
1105	170-174	0.5321230017452265
1105	175-179	0.11972084242545122
1105	180-184	0.22264630547460484
1105	185-189	0.19059350854104196
1105	190-194	0.10363999758970266
1105	195-199	0.18774006303256385
1105	200-204	0.3197289334154405
1105	205-209	0.1723096516427134
1105	210-214	0.6347443296641728
1105	215-219	0.24687961936754732
1105	220-224	0.4113002008184061
1105	225-229	0.576127002774669
1105	230-234	1.0992772982994161
1105	235-239	0.676397732944757
1105	240-244	0.2414342775340188
1105	245-249	0.5490520378485151
1105	250-251	0.44147821679291255
1106	1	0.03765683341028847
1106	2	0.020254634766324386
1106	3	0.07201729556027914
1106	4	0.014001172461320266
1106	5	-0.024220265705949373
1106	6	0.004867813736844084
1106	7	0.15650343775496367
1106	8	-0.059209119299303836
1106	9	-0.22812371388123154
1106	10-14	-0.03682595864361815
1106	15-19	0.02986405862082364
1106	20-24	0.005631101208805944
1106	25-29	-0.11748075544566916
1106	30-34	-0.07588237220451077
1106	35-39	0.006911325335352103
1106	40-44	0.0479350287299809
1106	45-49	-0.021573653194039366
1106	50-54	0.01909734313026945
1106	55-59	0.09826041941730779
1106	60-64	0.054624195345105875
1106	65-69	0.03244162312853405
1106	70-74	0.05725721853009702
1106	75-79	0.12498983662604957
1106	80-84	0.22618669102621425
1106	85-89	0.10920562423965663
1106	90-94	0.058573104154625355
1106	95-99	0.16056403171179312
1106	100-104	0.259989961494675
1106	105-109	0.15964711083461935
1106	110-114	0.24854442463138327
1106	115-119	0.19210109535355002
1106	120-124	0.06865339153254268
1106	125-129	-0.02584185916128945
1106	130-134	0.26911228022060385
1106	135-139	0.08751464247539786
1106	140-144	0.08182045733080656
1106	145-149	0.04413772283292161
1106	150-154	0.2145096339890884
1106	155-159	0.07094050417524755
1106	160-164	0.15931546387176354
1106	165-169	0.2178445370333506
1106	170-174	0.43842394534160434
1106	175-179	0.23128391468078036
1106	180-184	0.10882648473943846
1106	185-189	0.19149249748873132
1106	190-194	0.28964105657127703
1106	195-199	0.24960196913931298
1106	200-204	0.1816740880453196
1106	205-209	0.39802106917233715
1106	210-214	0.5521640871712208
1106	215-219	0.44610832418688773
1106	220-224	0.32868732726100447
1106	225-229	0.44048700047009604
1106	230-234	0.9758993256194621
1106	235-239	0.1092300749624684
1106	240-244	0.5520544955729143
1106	245-249	0.4978065711231139
1106	250-251	0.47445389476387234
1107	1	-0.007850836820836093
1107	2	0.032236310443977345
1107	3	0.011566898994246344
1107	4	-0.035931611175968214
1107	5	-0.01692592781058977
1107	6	0.11870059792055088
1107	7	-0.13935223740065084
1107	8	-0.30411396488801046
1107	9	-0.07636753491463111
1107	10-14	-0.1071329710440807
1107	15-19	-0.07446841319418951
1107	20-24	-0.11663019874092839
1107	25-29	-0.17932189953751987
1107	30-34	-0.07753235141962733
1107	35-39	-0.08000980533428503
1107	40-44	-0.10255765485401724
1107	45-49	-0.05641545035940254
1107	50-54	-0.05265571706866723
1107	55-59	-0.006579073105399402
1107	60-64	-0.10065234849660953
1107	65-69	-0.14404755433496064
1107	70-74	-0.07134159663586814
1107	75-79	-0.08596879338989538
1107	80-84	0.03314611850218796
1107	85-89	-0.11514262494058869
1107	90-94	-0.07264269108823385
1107	95-99	-0.07533685452340677
1107	100-104	0.11173859645196416
1107	105-109	-0.04226528066473634
1107	110-114	0.048315542449962834
1107	115-119	0.16083067009947172
1107	120-124	0.10792553411235417
1107	125-129	0.03634406155853753
1107	130-134	0.23210184921494204
1107	135-139	0.07759584763299898
1107	140-144	0.13096561575923005
1107	145-149	0.0829179837411047
1107	150-154	0.07741553658652833
1107	155-159	0.06732420041584675
1107	160-164	0.0616534337817356
1107	165-169	0.26497288097613847
1107	170-174	0.2786700190331146
1107	175-179	0.019703521340083796
1107	180-184	0.10619239628810817
1107	185-189	0.15267586610239903
1107	190-194	0.047077461896286366
1107	195-199	0.10785584316879948
1107	200-204	0.12666709070926885
1107	205-209	0.4868987790042638
1107	210-214	0.6768119572619256
1107	215-219	0.21751277264409907
1107	220-224	0.29473537859646015
1107	225-229	0.933245582320609
1107	230-234	0.5194236418787703
1107	235-239	0.6623914716783013
1107	240-244	0.5816839514117262
1107	245-249	0.5067216417153908
1107	250-251	0.6712504595373332
1108	1	0.024080508063960337
1108	2	0.025308952188183298
1108	3	0.003064505331082046
1108	4	0.023324505446986166
1108	5	-0.08137832938292888
1108	6	0.052211706718338746
1108	7	-0.030028908845885383
1108	8	-0.04945403931864689
1108	9	0.2501763479441479
1108	10-14	-0.018728891288319005
1108	15-19	0.0023331119202367745
1108	20-24	0.0415951064434239
1108	25-29	0.07168641040011892
1108	30-34	0.17813106502403997
1108	35-39	0.07270233444504015
1108	40-44	0.07724770547082471
1108	45-49	0.10588695017319338
1108	50-54	-0.07818744040805825
1108	55-59	0.06350641058924822
1108	60-64	0.04070742235159486
1108	65-69	0.021558556501588555
1108	70-74	-0.0075853969697945445
1108	75-79	-0.004150444916234619
1108	80-84	0.19558546012972045
1108	85-89	0.02007490001972201
1108	90-94	0.01029652437973283
1108	95-99	-0.023257081965297743
1108	100-104	0.12471355757202218
1108	105-109	0.1385788623898918
1108	110-114	0.016403964663034287
1108	115-119	0.15530571333987808
1108	120-124	0.10432154971294239
1108	125-129	0.0739346650814241
1108	130-134	0.2020938835550723
1108	135-139	0.08198147168496206
1108	140-144	0.16100871978275677
1108	145-149	0.06734472874682496
1108	150-154	0.1313167615103481
1108	155-159	0.16447137028441716
1108	160-164	0.15750547516620372
1108	165-169	-4.683645605833167
1108	170-174	-1.7225665801916463
1108	175-179	0.21883910989489408
1108	180-184	0.17223747528229438
1108	185-189	0.3601640307108198
1108	190-194	0.26881979416997837
1108	195-199	0.3649332230082152
1108	200-204	0.19545558454208845
1108	205-209	0.46324470833988585
1108	210-214	0.6458106971004227
1108	215-219	0.7340323741684571
1108	220-224	0.5183483677827176
1108	225-229	-0.19980511685909264
1108	230-234	0.8462994480950101
1108	235-239	0.3727083203837225
1108	240-244	0.7085229067512628
1108	245-249	0.5815382461189671
1108	250-251	0.4451918442753353
1109	1	0.023921709142776137
1109	2	0.059617887176564466
1109	3	0.021334169318642182
1109	4	-0.013005511741411624
1109	5	0.059267306709486434
1109	6	-0.12059214700835952
1109	7	-0.07708232720116825
1109	8	0.15403725024292925
1109	9	-0.08929426450656308
1109	10-14	-0.0819646432829586
1109	15-19	-0.046826129262846905
1109	20-24	0.03547897289833202
1109	25-29	-0.0974413173441846
1109	30-34	-0.026563820938179106
1109	35-39	-0.019174895468594855
1109	40-44	0.05459353281357693
1109	45-49	-0.10577933498002778
1109	50-54	-0.20213634937136504
1109	55-59	0.0034909260420690202
1109	60-64	0.11033089266523888
1109	65-69	-0.07213185289673874
1109	70-74	-0.04140940136009874
1109	75-79	-0.0626874455110169
1109	80-84	0.23347688307062242
1109	85-89	-0.04368004567860595
1109	90-94	-0.04372235359650034
1109	95-99	-0.023291242729378325
1109	100-104	0.29854160749034975
1109	105-109	0.0792236871047649
1109	110-114	-0.050858434968155564
1109	115-119	0.12909930520756774
1109	120-124	0.11098633254469803
1109	125-129	0.039351653881688264
1109	130-134	0.22001637145627484
1109	135-139	0.014297252324908527
1109	140-144	0.10941781375778703
1109	145-149	0.08076528231931235
1109	150-154	0.09298485537335921
1109	155-159	0.1442627282558675
1109	160-164	0.188791423804183
1109	165-169	0.24359797980726938
1109	170-174	0.2430161063434113
1109	175-179	-0.04683364737197593
1109	180-184	0.1701264530008615
1109	185-189	0.07311755084760563
1109	190-194	0.11553276653487643
1109	195-199	0.14903406000729547
1109	200-204	0.14185521077629204
1109	205-209	0.4469053490357169
1109	210-214	0.392648005478911
1109	215-219	0.1380237628204526
1109	220-224	0.38446083751400906
1109	225-229	0.4904442985034443
1109	230-234	0.6223376244335448
1109	235-239	0.7377364280321324
1109	240-244	0.21505521721022092
1109	245-249	0.3725865758500184
1109	250-251	0.5216383400898579
1110	1	-0.025092801966557943
1110	2	-0.029083991434696088
1110	3	-0.024143194391633926
1110	4	-0.023655957822676044
1110	5	-0.08854931356123785
1110	6	0.025945833842122568
1110	7	0.13308763319462713
1110	8	-0.07207830800140869
1110	9	-0.021119691776632976
1110	10-14	0.011678955314145867
1110	15-19	0.12389211810788225
1110	20-24	0.016913379295282027
1110	25-29	-0.05263858212329353
1110	30-34	-0.028063145777061038
1110	35-39	0.045521409149351655
1110	40-44	0.01002493734207377
1110	45-49	0.01693943989415203
1110	50-54	0.03049376530789516
1110	55-59	-0.010172905517826791
1110	60-64	0.044309836529066615
1110	65-69	-0.015867371854916712
1110	70-74	-0.03772468875792612
1110	75-79	0.09522302326766408
1110	80-84	0.09033751071748242
1110	85-89	-0.003638872330455456
1110	90-94	0.006953137850146618
1110	95-99	0.060141968070119844
1110	100-104	0.20126124245873456
1110	105-109	0.04374646939710658
1110	110-114	0.059676158010411484
1110	115-119	0.12341917284238946
1110	120-124	0.008653713217327663
1110	125-129	-0.026742249560470555
1110	130-134	0.1771171823126565
1110	135-139	-0.011746759255892414
1110	140-144	-0.036676307640156836
1110	145-149	-0.044932503576148974
1110	150-154	-0.012561670877303754
1110	155-159	0.02140925436408736
1110	160-164	0.0568510415799679
1110	165-169	0.17275076292300895
1110	170-174	0.401053007320904
1110	175-179	0.21500778099066764
1110	180-184	0.12146383415504403
1110	185-189	0.07909145973459886
1110	190-194	0.302051505972031
1110	195-199	0.3192716284483126
1110	200-204	0.28213767801181433
1110	205-209	0.4269946802290434
1110	210-214	0.6901035059179037
1110	215-219	0.12366136104490977
1110	220-224	0.31755640356890424
1110	225-229	0.860055116077568
1110	230-234	0.6929493555283841
1110	235-239	0.2944332135365606
1110	240-244	0.7198945515104711
1110	245-249	0.3520850764207246
1110	250-251	0.4541966841744767
1111	1	-0.0356065541733841
1111	2	-0.09608978379253585
1111	3	-0.046288639164309586
1111	4	-0.004328961633262907
1111	5	-0.1398292695122194
1111	6	0.06883795964400719
1111	7	-0.11743096964757882
1111	8	-0.29942026905648333
1111	9	-0.32343423144696715
1111	10-14	-0.11483633292721152
1111	15-19	-0.28593003618602353
1111	20-24	-0.2962104845198539
1111	25-29	-0.11975585169626868
1111	30-34	-0.1551051212529444
1111	35-39	-0.26772347175273836
1111	40-44	-0.31620324608556416
1111	45-49	-0.3414857335278967
1111	50-54	-0.025058251002008092
1111	55-59	0.08053013061332592
1111	60-64	-0.009895714209925188
1111	65-69	-0.06746050374837864
1111	70-74	0.002093078191897746
1111	75-79	0.01838344287352811
1111	80-84	0.06704132375387672
1111	85-89	-0.039419370316288393
1111	90-94	0.025129149377718818
1111	95-99	-0.061802774695763674
1111	100-104	0.1448255925250166
1111	105-109	-0.03635774098913913
1111	110-114	0.01985191318109969
1111	115-119	0.15055458233200625
1111	120-124	0.059845293236882924
1111	125-129	0.05942514953679279
1111	130-134	0.299332264696865
1111	135-139	0.07154641653061589
1111	140-144	0.10782512506315811
1111	145-149	0.1421839237732101
1111	150-154	0.13445982632793374
1111	155-159	0.1146231868012677
1111	160-164	0.10245775373185495
1111	165-169	0.27724754135175544
1111	170-174	0.41991545419319465
1111	175-179	0.15358002843867524
1111	180-184	0.16512351071983744
1111	185-189	0.16510823061634738
1111	190-194	0.28063581005502414
1111	195-199	0.27772920307045723
1111	200-204	0.2515405827558439
1111	205-209	0.4521884087438792
1111	210-214	0.4284177252716077
1111	215-219	0.25412644065932
1111	220-224	0.1433875215648861
1111	225-229	0.2796013222414615
1111	230-234	-0.24815034886768217
1111	235-239	0.20737519704538698
1111	240-244	0.007636518724293495
1111	245-249	0.9028428239983874
1111	250-251	0.02729594379916378
1112	1	-0.06498033584979623
1112	2	-0.17524629776264788
1112	3	-0.04703181655222721
1112	4	-0.1388054885988268
1112	5	-0.07961159569805432
1112	6	-0.15970127037548565
1112	7	-0.19176089167486765
1112	8	-0.1346582482637615
1112	9	0.10784419610339313
1112	10-14	-0.08832926665041185
1112	15-19	-0.12639665411973766
1112	20-24	-0.3096709296140645
1112	25-29	-0.004596251306402621
1112	30-34	-0.057581973104795736
1112	35-39	-0.04873343377131789
1112	40-44	-0.13618034305143567
1112	45-49	0.011180176727229707
1112	50-54	-0.018550647467648673
1112	55-59	-0.05028974350484816
1112	60-64	0.017283622093628992
1112	65-69	-0.007529604047704197
1112	70-74	-0.03369479161410993
1112	75-79	-0.06650467264739746
1112	80-84	0.10684685349581713
1112	85-89	-0.044300163926401126
1112	90-94	0.002277630902753458
1112	95-99	-0.05555823415732419
1112	100-104	0.050473914036153644
1112	105-109	-0.07520685842932551
1112	110-114	-0.18056792686400058
1112	115-119	0.043005570758204215
1112	120-124	-0.06455561072429816
1112	125-129	-0.07740033683930392
1112	130-134	0.005241463490136766
1112	135-139	-0.14111985346604428
1112	140-144	-0.0950541329694019
1112	145-149	-0.04695707133019056
1112	150-154	-0.02636061072158924
1112	155-159	-0.044586317999211644
1112	160-164	-0.02719930166735196
1112	165-169	0.07150178637531468
1112	170-174	0.27743692936139297
1112	175-179	0.07532451723407263
1112	180-184	-0.14222826926822307
1112	185-189	0.04973858862973657
1112	190-194	0.07824167581917862
1112	195-199	0.036272512802767665
1112	200-204	0.17578966016510122
1112	205-209	0.3034636579419683
1112	210-214	-0.11868505424379094
1112	215-219	-0.20699658859700065
1112	220-224	-0.01269120846772509
1112	225-229	-0.6191438367618005
1112	230-234	-0.7135444426966551
1112	235-239	-0.12004915099968017
1112	240-244	-0.06063494622210186
1112	245-249	-0.5447601101110067
1112	250-251	-0.7679995827661621
1113	1	-0.009975923833430045
1113	2	0.008438499120480003
1113	3	0.012791157863816238
1113	4	0.06389336204621543
1113	5	0.03410123477694782
1113	6	-0.027640012659240654
1113	7	-0.1070248430633427
1113	8	0.16443407775954455
1113	9	0.09633455356116372
1113	10-14	0.03644647576813753
1113	15-19	-0.04929305921072569
1113	20-24	0.06151450859682939
1113	25-29	0.04619695562242043
1113	30-34	0.07981189710829995
1113	35-39	0.015819584190275293
1113	40-44	0.10368910742439397
1113	45-49	0.031799510524805896
1113	50-54	0.015467349309460587
1113	55-59	0.06060856263502501
1113	60-64	0.16205578882006222
1113	65-69	0.09263497848321123
1113	70-74	0.04880211562483794
1113	75-79	0.05661339816481359
1113	80-84	0.2877202144976607
1113	85-89	0.12170737220664307
1113	90-94	0.04742167242702067
1113	95-99	0.10542736089125526
1113	100-104	0.35100598121407955
1113	105-109	0.19205910184042807
1113	110-114	0.08204749440184145
1113	115-119	0.1537166665336258
1113	120-124	0.24910105784410774
1113	125-129	0.2115514857255505
1113	130-134	0.32893301091586125
1113	135-139	0.07880052289029749
1113	140-144	0.19766087765125206
1113	145-149	0.09069470775052224
1113	150-154	0.21110252088065806
1113	155-159	0.21240819973563418
1113	160-164	0.27372803140521995
1113	165-169	0.2932116543050256
1113	170-174	0.4102649056179217
1113	175-179	0.29606181548772526
1113	180-184	0.23524770226556768
1113	185-189	0.180268200475588
1113	190-194	0.3929263038304427
1113	195-199	0.1895344781725754
1113	200-204	0.4973872903030596
1113	205-209	0.6199488023583442
1113	210-214	0.17131019056562735
1113	215-219	0.13508578692128737
1113	220-224	0.5093728763851182
1113	225-229	0.3710858396951373
1113	230-234	0.2982074099920169
1113	235-239	0.46749911314317316
1113	240-244	0.6887117087541696
1113	245-249	0.3620959010764757
1113	250-251	0.20862176593995585
1114	1	-0.042344732072763236
1114	2	-0.13607678615007757
1114	3	-0.03706988513111753
1114	4	-0.01931736216500468
1114	5	0.012031592795587187
1114	6	-0.06703841056670967
1114	7	0.09683325731266024
1114	8	-0.07244674617375324
1114	9	-0.07597213272295988
1114	10-14	0.018954241012536954
1114	15-19	0.055104521302602905
1114	20-24	0.01508652102121033
1114	25-29	0.045902693729331645
1114	30-34	0.06967620967983379
1114	35-39	0.13093771835203682
1114	40-44	0.1102432268545499
1114	45-49	0.11156821287089258
1114	50-54	0.004188656423131931
1114	55-59	-0.03107670417056596
1114	60-64	0.038409093954435036
1114	65-69	0.1241547230008706
1114	70-74	-0.05567711234845518
1114	75-79	0.05494700004990705
1114	80-84	0.18448314568201596
1114	85-89	0.08572562655759697
1114	90-94	0.03876036950305917
1114	95-99	0.042498026664155475
1114	100-104	0.18984330293637441
1114	105-109	0.03559168238852095
1114	110-114	0.07044213328737925
1114	115-119	0.23957652912765326
1114	120-124	0.11820489120832889
1114	125-129	-0.014395893288401851
1114	130-134	0.21935726187722082
1114	135-139	-0.007107060349639482
1114	140-144	-0.068981113243062
1114	145-149	-0.047906730698159095
1114	150-154	0.12871191443175434
1114	155-159	0.03968400146278839
1114	160-164	0.09242544995694857
1114	165-169	0.18576900134526397
1114	170-174	0.3516618494635182
1114	175-179	0.11247502905729334
1114	180-184	0.08405598598539399
1114	185-189	0.0796029001833034
1114	190-194	0.0625972282672933
1114	195-199	-0.04694984446358319
1114	200-204	0.13206463030667237
1114	205-209	0.19780127247982904
1114	210-214	-0.040491857051257796
1114	215-219	0.35152332480699755
1114	220-224	0.20894948319250162
1114	225-229	0.5087880804455658
1114	230-234	0.20551909484069242
1114	235-239	0.10988137907822804
1114	240-244	0.10289472464127059
1114	245-249	0.27316894143962855
1114	250-251	0.4567430383307638
1115	1	0.09889358591886577
1115	2	0.04099761760407006
1115	3	0.04274240743252733
1115	4	0.058591988623213354
1115	5	-0.013059796690114922
1115	6	0.16307222081905337
1115	7	0.21671409048432366
1115	8	0.12015573637478383
1115	9	0.1592412071495275
1115	10-14	0.18329556392178858
1115	15-19	0.13894859543603388
1115	20-24	0.06959200157868395
1115	25-29	0.09416686587776724
1115	30-34	0.12704413625815647
1115	35-39	0.18321810446963127
1115	40-44	0.12078610819775548
1115	45-49	0.11919855376081046
1115	50-54	0.12132889701485539
1115	55-59	0.13154535318694371
1115	60-64	0.14432703260764157
1115	65-69	0.11047746720235807
1115	70-74	0.1322014543843224
1115	75-79	0.18389170373416164
1115	80-84	0.2840431662576677
1115	85-89	0.13825885711720076
1115	90-94	0.21774952237968392
1115	95-99	0.1205780485913408
1115	100-104	0.3000599276091549
1115	105-109	0.14108600759746537
1115	110-114	0.1277825291111938
1115	115-119	0.32233895296530335
1115	120-124	0.33151409230254814
1115	125-129	0.2862645936206576
1115	130-134	0.4881285386165999
1115	135-139	0.2603749074636639
1115	140-144	0.32502571493781574
1115	145-149	0.2714655212906152
1115	150-154	0.25649836239088586
1115	155-159	0.21587395528773357
1115	160-164	0.19388876841974678
1115	165-169	0.4733052584792503
1115	170-174	0.5114118096974849
1115	175-179	0.4118012511036895
1115	180-184	0.34767858191674605
1115	185-189	0.2916456031247634
1115	190-194	0.47783834055563545
1115	195-199	0.4029249670413293
1115	200-204	0.32538294027745707
1115	205-209	0.11634222649421844
1115	210-214	0.03951868544607606
1115	215-219	0.05987556233563396
1115	220-224	-0.20021136186463195
1115	225-229	0.3821965980195827
1115	230-234	0.267293969735487
1115	235-239	0.0679818227153639
1115	240-244	0.5699182442988509
1115	245-249	0.4370107051891843
1115	250-251	0.24768269707435664
1116	1	0.006380425508304199
1116	2	0.05343259494674868
1116	3	0.048741036499279744
1116	4	-0.009985367750253715
1116	5	-0.002335180998990438
1116	6	-0.020740169789611684
1116	7	-0.020079691906587982
1116	8	0.060056757831105756
1116	9	0.23623298409228966
1116	10-14	-0.06517709789510207
1116	15-19	0.013375605951914338
1116	20-24	0.04952773657405629
1116	25-29	0.07254034711026236
1116	30-34	0.0763509800462927
1116	35-39	0.07033011400092448
1116	40-44	0.09910382945466978
1116	45-49	0.03555731321547029
1116	50-54	0.0935901306933502
1116	55-59	0.054646626050463
1116	60-64	-6.91498879106689E-4
1116	65-69	0.06975012247366408
1116	70-74	0.09359125504698795
1116	75-79	0.022728697746316584
1116	80-84	0.2783099405905958
1116	85-89	0.012092335208869542
1116	90-94	0.040677529827753744
1116	95-99	0.012160818134773876
1116	100-104	0.02675400005417572
1116	105-109	0.09633806996439631
1116	110-114	-0.04223288890899113
1116	115-119	0.12365234865293218
1116	120-124	0.048641690575550456
1116	125-129	0.035691277809519306
1116	130-134	0.13440820479937798
1116	135-139	0.02001521078695845
1116	140-144	-0.01135979749962246
1116	145-149	0.09313616413262338
1116	150-154	0.04830924677315096
1116	155-159	-0.03865714882948623
1116	160-164	-0.05411731341947501
1116	165-169	0.2610971396499764
1116	170-174	0.37170435622866904
1116	175-179	0.17084577930104672
1116	180-184	0.038029908580597294
1116	185-189	0.18772171252349779
1116	190-194	0.1351894604796442
1116	195-199	0.13019676666737467
1116	200-204	0.22562713354256658
1116	205-209	-0.16848666021810743
1116	210-214	-0.38849945403914177
1116	215-219	-0.17393659676756812
1116	220-224	0.2162234384974191
1116	225-229	-0.5652302156841031
1116	230-234	-0.2725616348575777
1116	235-239	-0.2689875467498126
1116	240-244	0.05833892048376654
1116	245-249	0.36552658233235036
1116	250-251	0.3428491172307737
1117	1	-0.009742111088925753
1117	2	0.015255668049476867
1117	3	-2.1004089168741302E-4
1117	4	0.03414101828295202
1117	5	0.03374504048484539
1117	6	0.019134744945780824
1117	7	0.08245665167398641
1117	8	0.2808699329880966
1117	9	0.11097174541789911
1117	10-14	0.08774916321980442
1117	15-19	0.05794801947967443
1117	20-24	0.08601833053695174
1117	25-29	0.08923958204448468
1117	30-34	0.08464431631493596
1117	35-39	0.0984726867104655
1117	40-44	0.14167732054450255
1117	45-49	0.08249214443416264
1117	50-54	0.09237290157030742
1117	55-59	0.020034503738919796
1117	60-64	0.1661384839382336
1117	65-69	0.15630208649369592
1117	70-74	0.13509764282473213
1117	75-79	0.1274767397582366
1117	80-84	0.35732256823565933
1117	85-89	0.09154693074454912
1117	90-94	0.11517539006506894
1117	95-99	0.20147947212782924
1117	100-104	0.3724125754222456
1117	105-109	0.24655118740013648
1117	110-114	0.154951031589583
1117	115-119	0.18795739683103108
1117	120-124	0.21226228314292683
1117	125-129	0.25570591449924507
1117	130-134	0.4228650430301144
1117	135-139	0.19971245800086734
1117	140-144	0.23278903561242004
1117	145-149	0.21129155599302862
1117	150-154	0.24937178275362015
1117	155-159	0.2896163980457942
1117	160-164	0.22866583340906033
1117	165-169	0.40117491991164655
1117	170-174	0.5233657521518396
1117	175-179	0.3178657783348058
1117	180-184	0.25577589010132584
1117	185-189	0.25475647850507954
1117	190-194	0.2676608353600898
1117	195-199	0.20735988186287813
1117	200-204	0.39470288852628954
1117	205-209	-0.14366024414425738
1117	210-214	-0.016614308134997202
1117	215-219	-0.4176189328527258
1117	220-224	-0.05520149678043751
1117	225-229	0.15984534970553455
1117	230-234	-0.12029336577946736
1117	235-239	0.07382873217734698
1117	240-244	0.00933007590179713
1117	245-249	0.30967042558695823
1117	250-251	0.32668138975426686
1118	1	0.07581318117907188
1118	2	0.11037060313426394
1118	3	0.03774860855226336
1118	4	0.033973722083544544
1118	5	0.03524138261543186
1118	6	0.02659902670394132
1118	7	0.21388021254127665
1118	8	0.19035288866800215
1118	9	0.10599844473645703
1118	10-14	0.1473755947267037
1118	15-19	0.21797458450568996
1118	20-24	0.17988390523303366
1118	25-29	0.16298336002176939
1118	30-34	0.16157794756052368
1118	35-39	0.20725291197051376
1118	40-44	0.21147459468303254
1118	45-49	0.2580967607982174
1118	50-54	0.17280114766782617
1118	55-59	0.032857363672043505
1118	60-64	0.03653590796156436
1118	65-69	0.03584235517470091
1118	70-74	0.07001325502921674
1118	75-79	0.13001936585871476
1118	80-84	-4.91725234458184
1118	85-89	-0.052718511207629604
1118	90-94	0.07584472920470375
1118	95-99	0.05667117844994607
1118	100-104	0.042477319401278635
1118	105-109	-0.12263615772312875
1118	110-114	0.12692832441693014
1118	115-119	0.3051512160597696
1118	120-124	0.2075450807312933
1118	125-129	0.0941103209780465
1118	130-134	0.27510998612179094
1118	135-139	0.10095609908971426
1118	140-144	0.1642038609572225
1118	145-149	0.10146396413176717
1118	150-154	0.21379552323335105
1118	155-159	0.23624229253546503
1118	160-164	0.0576095691779841
1118	165-169	0.33488022329163414
1118	170-174	0.5173113052890486
1118	175-179	0.3522862795500572
1118	180-184	0.24689886781153092
1118	185-189	0.24869422008200814
1118	190-194	0.2212614465292546
1118	195-199	0.2305427179603612
1118	200-204	0.1474809298500972
1118	205-209	-0.15516590410010878
1118	210-214	-0.5376464692617233
1118	215-219	-0.016440018056741224
1118	220-224	0.028076347804908863
1118	225-229	-0.14890053298756456
1118	230-234	-0.44966781095502384
1118	235-239	-0.1180621188418769
1118	240-244	0.2701687431110784
1118	245-249	0.29162846652457475
1118	250-251	0.2210787412154076
1119	1	0.049609577349492895
1119	2	0.05160594016125941
1119	3	0.0365254918237099
1119	4	0.03551224753002913
1119	5	8.459002183656139E-4
1119	6	0.2577335731758694
1119	7	0.07413151148148245
1119	8	-0.05182976404867645
1119	9	0.01810587414400544
1119	10-14	0.10796779646486243
1119	15-19	0.08350818684041172
1119	20-24	0.03569646667020976
1119	25-29	0.02403803131686999
1119	30-34	0.10389599698478946
1119	35-39	0.035210825368075405
1119	40-44	0.027792735731388518
1119	45-49	-0.012387004007365476
1119	50-54	0.055827368701976354
1119	55-59	0.07316523668770003
1119	60-64	-0.017018124202955676
1119	65-69	0.01229504640847523
1119	70-74	0.11467404407700599
1119	75-79	0.0692678534086042
1119	80-84	0.27099995914716857
1119	85-89	0.13864898958472338
1119	90-94	0.1608802545830983
1119	95-99	-0.025742184838328797
1119	100-104	0.20978549622306275
1119	105-109	0.2561587028005192
1119	110-114	0.07777972400877076
1119	115-119	0.22653968733440166
1119	120-124	0.048137215497149555
1119	125-129	0.1844631092667015
1119	130-134	0.3011722481581032
1119	135-139	0.06604290082436393
1119	140-144	0.12491622228838395
1119	145-149	0.1293416119111015
1119	150-154	0.18415738906364965
1119	155-159	0.25124925169264856
1119	160-164	0.24440974763055578
1119	165-169	0.26055491189080726
1119	170-174	0.48151100058935725
1119	175-179	0.3237791375628092
1119	180-184	0.27571702918381646
1119	185-189	0.14724662750743533
1119	190-194	0.2084449801347077
1119	195-199	0.20725790726360316
1119	200-204	0.36521586842328446
1119	205-209	0.1926777876076926
1119	210-214	-0.3063621282369411
1119	215-219	0.3615200547141342
1119	220-224	0.5494579443868268
1119	225-229	0.03315117663348133
1119	230-234	0.04645443785905812
1119	235-239	0.08832810820074855
1119	240-244	0.6072522638356368
1119	245-249	0.927269969329231
1119	250-251	0.554716931582437
2101	1	-0.034824592782015884
2101	2	0.06359481373068121
2101	3	0.009175984765754208
2101	4	-0.03384259758300345
2101	5	-0.028952380056750826
2101	6	0.12634626869517973
2101	7	0.21622524051450398
2101	8	0.19847970362608436
2101	9	0.2549736177608324
2101	10-14	0.1994988291561981
2101	15-19	0.19759789588464827
2101	20-24	0.1891372435806744
2101	25-29	0.21059392521139841
2101	30-34	0.20062937610637022
2101	35-39	0.21200987847576158
2101	40-44	0.16201263353168827
2101	45-49	0.15732664309218336
2101	50-54	0.032293017703963756
2101	55-59	0.08148736194731043
2101	60-64	0.21491443979540037
2101	65-69	0.16348582154024172
2101	70-74	0.17008149471135425
2101	75-79	0.19297546199153004
2101	80-84	0.27024983275450865
2101	85-89	0.15522875394784563
2101	90-94	0.18284646335551713
2101	95-99	0.14804163726919484
2101	100-104	0.4365878563076748
2101	105-109	0.27048442615846824
2101	110-114	0.11769268134488442
2101	115-119	0.0808808190871062
2101	120-124	0.23091993440864655
2101	125-129	0.18560144506916032
2101	130-134	0.32900125990059337
2101	135-139	0.16121454909276878
2101	140-144	0.13588291477647374
2101	145-149	0.07902012447162576
2101	150-154	0.006544560265254518
2101	155-159	-0.015562843688435635
2101	160-164	-0.10588948935197351
2101	165-169	0.13786789303434688
2101	170-174	0.14797457211185616
2101	175-179	-0.09676938151046244
2101	180-184	-0.18739688526058274
2101	185-189	-0.18008055219996066
2101	190-194	-0.33098191358860873
2101	195-199	-0.39709151149666155
2101	200-204	-0.34573219774475916
2101	205-209	-0.8052797891363639
2101	210-214	-1.4553964487206024
2101	215-219	-0.9767073193545883
2101	220-224	-0.5980333621530072
2101	225-229	-1.141140377288707
2101	230-234	-2.021065743817733
2101	235-239	-1.6925571733816476
2101	240-244	-1.3849490534085795
2101	245-249	-1.0612075568872257
2101	250-251	-0.8724810021903302
2102	1	-0.07123202580287824
2102	2	0.07191637693879471
2102	3	-0.007943854136442496
2102	4	0.017488079079157615
2102	5	0.04036115515889094
2102	6	0.011540686458019422
2102	7	0.16181534368714523
2102	8	0.11732286219970689
2102	9	0.08819842486127527
2102	10-14	0.0887711156367601
2102	15-19	0.11384707625953894
2102	20-24	0.10055831360908485
2102	25-29	0.11233484777005032
2102	30-34	0.019613315937370146
2102	35-39	0.09635104502977754
2102	40-44	0.014169377637649916
2102	45-49	0.021806141421983227
2102	50-54	-0.002108720913419404
2102	55-59	-0.06386442826649841
2102	60-64	-0.036054077564152465
2102	65-69	-0.09007347243634456
2102	70-74	-0.03740524746214646
2102	75-79	-0.05480166284942811
2102	80-84	-0.020965488329345305
2102	85-89	-0.0316038400277634
2102	90-94	-0.14100362235802066
2102	95-99	-0.04951919446052244
2102	100-104	0.015318441251686465
2102	105-109	-0.08329825845304129
2102	110-114	-0.06521662492726676
2102	115-119	0.05036813843496191
2102	120-124	-0.17311918419196815
2102	125-129	-0.15981470976588952
2102	130-134	0.005566987994249928
2102	135-139	-0.022326994274742162
2102	140-144	-0.14102024100735377
2102	145-149	-0.14805441617966864
2102	150-154	-0.1781223267501062
2102	155-159	-0.10518637883689053
2102	160-164	-0.15155004562824104
2102	165-169	-0.1049639578503232
2102	170-174	0.21125318344048338
2102	175-179	-0.06897987803116479
2102	180-184	-0.1653913042366284
2102	185-189	-0.20162688348344204
2102	190-194	-0.15956754078386126
2102	195-199	-0.23915076933671742
2102	200-204	-0.12718837877392986
2102	205-209	-0.09334761670899638
2102	210-214	-0.1819771609695664
2102	215-219	-0.022946066634034423
2102	220-224	-0.3594256750522007
2102	225-229	-0.37726440011164186
2102	230-234	-0.3284373669758516
2102	235-239	-0.2567080573664988
2102	240-244	-0.7938297892571491
2102	245-249	-0.9821709989098188
2102	250-251	-0.12421258660182488
2103	1	0.0034065363256203796
2103	2	0.03275539583957254
2103	3	-0.006023672817249803
2103	4	0.03175418336642366
2103	5	-0.02501186703385372
2103	6	0.14015818038751604
2103	7	-0.46666844302626487
2103	8	-0.14885217914158488
2103	9	-0.19027788681211177
2103	10-14	-0.04146659653441276
2103	15-19	-0.11418437984138308
2103	20-24	-0.14850477587612687
2103	25-29	-0.11287995308641996
2103	30-34	-0.08850332111276771
2103	35-39	-0.11642434605039398
2103	40-44	-0.07402594818482555
2103	45-49	-0.09574419555472247
2103	50-54	0.07943770010223972
2103	55-59	0.02815345567478289
2103	60-64	-0.03670865441126381
2103	65-69	-0.0035885956297008192
2103	70-74	0.044764959657598524
2103	75-79	-0.06061709299340379
2103	80-84	0.04016818611297168
2103	85-89	0.12125003099981058
2103	90-94	0.06897779110106939
2103	95-99	0.03869466325777182
2103	100-104	0.13651410951604248
2103	105-109	-0.02773000384311075
2103	110-114	-0.017077753543006224
2103	115-119	0.04317055183071261
2103	120-124	-0.05531725635024998
2103	125-129	-0.03971000279881309
2103	130-134	0.13812863555250487
2103	135-139	-0.04781768545110765
2103	140-144	-0.11417451330356698
2103	145-149	-0.2569217851694674
2103	150-154	-0.117804381074059
2103	155-159	-0.04395781209849048
2103	160-164	-0.21463746369223458
2103	165-169	-0.07415436798883945
2103	170-174	0.024003026754030543
2103	175-179	-0.08057948660514569
2103	180-184	-0.059045292467459376
2103	185-189	-0.33114067413398374
2103	190-194	-0.21681686722201476
2103	195-199	-0.2641625602877653
2103	200-204	-0.15181965729979652
2103	205-209	-0.30981931614427083
2103	210-214	0.08335273839294643
2103	215-219	0.07357696653794932
2103	220-224	-0.26413200491765565
2103	225-229	0.26514135438403486
2103	230-234	-0.3185878094321595
2103	235-239	-0.5407148439250911
2103	240-244	-0.6000967116825962
2103	245-249	-0.17425795061836524
2103	250-251	-0.4616154617679271
2104	1	-0.05174487716373477
2104	2	-0.03914010629438991
2104	3	0.018819306232011
2104	4	-0.012666460050155592
2104	5	-0.013373714157694394
2104	6	0.050009199987044894
2104	7	-0.1406785814150524
2104	8	0.009276764650159919
2104	9	0.18750979887634855
2104	10-14	0.012242729781981154
2104	15-19	-0.015092085452359072
2104	20-24	-0.012680299160443553
2104	25-29	0.011781267679175755
2104	30-34	0.029137169007768193
2104	35-39	-0.02930425713385887
2104	40-44	-0.010945108568407136
2104	45-49	0.01916934404700754
2104	50-54	-0.026373094674198683
2104	55-59	-0.011121375575427805
2104	60-64	0.028147630462676432
2104	65-69	0.044288567903535636
2104	70-74	-0.04078211860982606
2104	75-79	-0.06178896954233437
2104	80-84	0.0953563225698133
2104	85-89	-0.058097876087131795
2104	90-94	-0.09440273296279855
2104	95-99	-0.058039745561956124
2104	100-104	0.08701345212374889
2104	105-109	-0.16547658752151762
2104	110-114	-0.27003638378675987
2104	115-119	-0.04250403476448383
2104	120-124	-0.31157927931757
2104	125-129	-0.20939285216547887
2104	130-134	-0.17682325491354334
2104	135-139	-0.16979198465251955
2104	140-144	-0.37799554709299343
2104	145-149	-0.15674340404212472
2104	150-154	-0.3844761376331647
2104	155-159	-0.26785998990505533
2104	160-164	-0.3435526011693426
2104	165-169	-0.25336842106374036
2104	170-174	-0.2816769130042118
2104	175-179	-0.46472140536165085
2104	180-184	-0.5520799730809713
2104	185-189	-0.5725485602121339
2104	190-194	-0.680523144261457
2104	195-199	-0.6857524175845597
2104	200-204	-0.6492250121621979
2104	205-209	-1.3031048781518777
2104	210-214	-0.2983761165226113
2104	215-219	-0.15010599987048323
2104	220-224	-0.3083819226406668
2104	225-229	-0.32122334172078126
2104	230-234	-0.27542650741716557
2104	235-239	0.6963097885456868
2104	240-244	-0.257552780741797
2104	245-249	-0.605978426163599
2104	250-251	-0.1506708318970169
2105	1	-0.04162365191253059
2105	2	-0.0837234204422117
2105	3	-0.08281730107641039
2105	4	0.030417792783097752
2105	5	-0.007163444926497675
2105	6	-0.13277528466282718
2105	7	-0.42127625095429266
2105	8	0.04873389787618265
2105	9	-0.17416143826143582
2105	10-14	-0.12051455958683022
2105	15-19	-0.15786329025126378
2105	20-24	-0.10526867816502516
2105	25-29	-0.12979391063889523
2105	30-34	-0.19183259368771388
2105	35-39	-0.1610228802412763
2105	40-44	-0.04549178099360063
2105	45-49	-0.05961763638991613
2105	50-54	0.01762576221133827
2105	55-59	0.0035096932559639527
2105	60-64	0.07994625428312929
2105	65-69	0.029812803854007086
2105	70-74	0.011204613213287473
2105	75-79	-0.005195454428871926
2105	80-84	0.16033053216249016
2105	85-89	0.06154425154439025
2105	90-94	-0.09693100321546666
2105	95-99	-0.09245164061015743
2105	100-104	0.26432673376264404
2105	105-109	0.027505675278142405
2105	110-114	-0.07310243625272506
2105	115-119	0.07216472284593323
2105	120-124	0.08392870962446608
2105	125-129	-3.8699658872332066E-4
2105	130-134	0.08085161703830579
2105	135-139	0.043376849122978456
2105	140-144	0.10149198464268494
2105	145-149	-0.04158038292477073
2105	150-154	-0.05926079856218536
2105	155-159	0.05452949438260646
2105	160-164	-0.08693132240055235
2105	165-169	0.09856756602035688
2105	170-174	-6.384992174169238
2105	175-179	-1.2166292473961278
2105	180-184	-0.019066713005940983
2105	185-189	-0.15523802382646323
2105	190-194	-0.20908106341244803
2105	195-199	-0.017281864152842275
2105	200-204	-0.014566295620277003
2105	205-209	0.040742651337275504
2105	210-214	-0.045496131364274106
2105	215-219	0.6612258263401927
2105	220-224	0.18854330904742156
2105	225-229	0.6737892120876374
2105	230-234	1.0134141185006058
2105	235-239	-0.385462054109869
2105	240-244	0.007822598828891358
2105	245-249	0.07107925456907438
2105	250-251	-0.0490619906292018
2106	1	0.022958361747129175
2106	2	-0.10511399759467821
2106	3	-0.12877981263741134
2106	4	-0.04643263237651496
2106	5	-0.03617490538614021
2106	6	-0.07980553056491857
2106	7	0.10486602023376435
2106	8	-0.21957523375037624
2106	9	-0.29850429769141584
2106	10-14	-0.1514849370620368
2106	15-19	-0.17978672796733974
2106	20-24	-0.08037892559141113
2106	25-29	-0.30251286742022643
2106	30-34	-0.278531679089447
2106	35-39	-0.19005737838317316
2106	40-44	-0.23475011670388568
2106	45-49	-0.1387768813739143
2106	50-54	-0.06196919235474496
2106	55-59	-0.06835922114749593
2106	60-64	-0.06398784883222675
2106	65-69	-0.022646972731998005
2106	70-74	-0.08765074430601061
2106	75-79	-0.06291322647584252
2106	80-84	0.18405039514203025
2106	85-89	-0.02599085188527539
2106	90-94	-0.06129479931487225
2106	95-99	0.05808941875773854
2106	100-104	0.0766701209696592
2106	105-109	-0.09427366549065397
2106	110-114	-0.14266540458510946
2106	115-119	-3.763397858227144
2106	120-124	-1.6452093237943615
2106	125-129	-0.2896129093290867
2106	130-134	0.13398688069139553
2106	135-139	0.06963642615640708
2106	140-144	-0.13206102393732522
2106	145-149	-0.11284020594708011
2106	150-154	-0.1723702288404283
2106	155-159	-0.1397344266771512
2106	160-164	-0.2560046704189034
2106	165-169	-0.12465777198935513
2106	170-174	-0.049978308501586355
2106	175-179	-0.12758682218237283
2106	180-184	-0.0012130127511298383
2106	185-189	-0.23628535491467773
2106	190-194	-0.18386240806289322
2106	195-199	-0.1868533438728548
2106	200-204	-0.076277868674687
2106	205-209	0.05928877234724439
2106	210-214	0.08469311403963786
2106	215-219	0.06301248033211948
2106	220-224	-0.062191964539504596
2106	225-229	0.16306372217326626
2106	230-234	0.07373341026270808
2106	235-239	0.24819948827933302
2106	240-244	-0.17150489629296217
2106	245-249	-0.0675844204006566
2106	250-251	-0.15921818226088646
2107	1	-0.059488810199383124
2107	2	0.057223105527675955
2107	3	-0.044461091091726246
2107	4	-0.029770473324155944
2107	5	0.014668789529032722
2107	6	0.04036426414883465
2107	7	-0.20243198526552675
2107	8	-0.28245888510776496
2107	9	-0.4243494160637411
2107	10-14	-0.17458801433915028
2107	15-19	-0.1640501837891648
2107	20-24	-0.07748694700969594
2107	25-29	-0.24211981531458093
2107	30-34	-0.1504759910732929
2107	35-39	-0.21821893818621163
2107	40-44	-0.1476836677774358
2107	45-49	-0.17450157260075372
2107	50-54	0.028493657617353563
2107	55-59	-0.13338753633578193
2107	60-64	-0.14682032155150893
2107	65-69	-0.18985894604215048
2107	70-74	-0.1189576067762701
2107	75-79	-0.17030422715269822
2107	80-84	0.024398821054170128
2107	85-89	-0.1551882124133499
2107	90-94	-0.16324881512422706
2107	95-99	-0.17513840504583555
2107	100-104	-0.06087516436944185
2107	105-109	-0.09572529356300663
2107	110-114	-0.059636350040044306
2107	115-119	0.08916251711829659
2107	120-124	-0.03489070761091284
2107	125-129	-0.05712843992589711
2107	130-134	0.16717868943246117
2107	135-139	0.0318818615583254
2107	140-144	0.012621884575700903
2107	145-149	0.06519929291153659
2107	150-154	0.0647358664302331
2107	155-159	-0.05075088096850067
2107	160-164	-0.12637254496446815
2107	165-169	0.0016877015053893274
2107	170-174	0.01212071110592916
2107	175-179	-0.48132929317758055
2107	180-184	-0.3295815341302841
2107	185-189	-0.1224988132866045
2107	190-194	-0.15389817247582016
2107	195-199	-0.11634083299215803
2107	200-204	-0.631058513828961
2107	205-209	-0.30382814072792286
2107	210-214	0.14912952282860914
2107	215-219	-0.3164171254278685
2107	220-224	0.2813805961550848
2107	225-229	-0.025369053805803787
2107	230-234	-0.6993044024258417
2107	235-239	0.1274758890769796
2107	240-244	-0.5289547731577144
2107	245-249	-0.6415829504457555
2107	250-251	-0.4048825764943125
2108	1	-0.007506582777502047
2108	2	-0.021139841000774595
2108	3	0.004372831087408713
2108	4	-0.03030328943646765
2108	5	0.017765124080455053
2108	6	-0.14391768966949314
2108	7	-0.16654424195879614
2108	8	-0.29741082969722044
2108	9	0.06364564555532581
2108	10-14	-0.18783690500958983
2108	15-19	-0.13504509625466454
2108	20-24	-0.12930723795234655
2108	25-29	-0.07586354620427471
2108	30-34	-0.08347790443372105
2108	35-39	-0.2128975567064444
2108	40-44	-0.05190216542293058
2108	45-49	-0.09773507356217692
2108	50-54	-0.07621248199059494
2108	55-59	-0.12225057186656585
2108	60-64	-0.1230610856542711
2108	65-69	-0.16307937791689397
2108	70-74	-0.16974575691045857
2108	75-79	-0.18316041698580676
2108	80-84	-0.07209286472843246
2108	85-89	-0.1049931079313069
2108	90-94	-0.15441711368796973
2108	95-99	-0.16576667970962689
2108	100-104	-0.0021077284902801807
2108	105-109	-0.1556034649859157
2108	110-114	-0.19045006039340961
2108	115-119	0.005696652634995303
2108	120-124	-0.13608578801076732
2108	125-129	-0.16391569624574487
2108	130-134	-0.21177413077629126
2108	135-139	-0.16843151436469128
2108	140-144	-0.2425591903874107
2108	145-149	-0.1855843307275009
2108	150-154	-0.20698511534880737
2108	155-159	-0.21056819710581465
2108	160-164	-0.16384555221678454
2108	165-169	-0.013237059883984159
2108	170-174	-0.05422381690967626
2108	175-179	-0.20224405976311033
2108	180-184	-0.37423263074811786
2108	185-189	-0.2956256838496003
2108	190-194	-0.18720707196598596
2108	195-199	-0.31883295528502487
2108	200-204	-0.5087101472389861
2108	205-209	-0.1713274416025854
2108	210-214	-0.024331791541143843
2108	215-219	-0.16082743468554384
2108	220-224	0.02539721012201923
2108	225-229	0.3769633704859814
2108	230-234	-0.2714725764600736
2108	235-239	0.3604763950558656
2108	240-244	-0.1419314650291703
2108	245-249	0.09241171132138959
2108	250-251	-0.08189713673157684
2109	1	-6.501933659279757E-4
2109	2	-0.060457284532375866
2109	3	-0.01720557785197485
2109	4	-0.07290580046530692
2109	5	-0.07448750950648275
2109	6	-0.03215597256895819
2109	7	-0.1364776892537165
2109	8	0.022740717303605607
2109	9	-0.10569887350021645
2109	10-14	-0.1722859399166623
2109	15-19	-0.131706377757709
2109	20-24	-0.12727336732962158
2109	25-29	-0.10939509692767757
2109	30-34	-0.16629051439802112
2109	35-39	-0.11839210405264566
2109	40-44	-0.16154020682685655
2109	45-49	-0.18774285672306235
2109	50-54	-0.08773370279019588
2109	55-59	-0.22023800112447134
2109	60-64	-0.1774269441403078
2109	65-69	-0.1924767228556732
2109	70-74	-0.34055073659475
2109	75-79	-0.24855803025459267
2109	80-84	-0.03510155957280148
2109	85-89	-0.23274243662712735
2109	90-94	-0.17290439115682688
2109	95-99	-0.20149946356540482
2109	100-104	-0.06746429790065633
2109	105-109	-0.07449448444980078
2109	110-114	-0.18793767604066147
2109	115-119	0.07585312353106843
2109	120-124	0.040872018561046275
2109	125-129	-0.1847008293514989
2109	130-134	-0.041706777747705814
2109	135-139	-0.12650413133965088
2109	140-144	-0.02762443794802749
2109	145-149	-0.049354402622597604
2109	150-154	-0.09347404859892094
2109	155-159	-0.18440959497898746
2109	160-164	-0.1863147478191607
2109	165-169	0.018081434374231264
2109	170-174	0.05319690618862438
2109	175-179	-0.11235917781955607
2109	180-184	-0.2420379299225388
2109	185-189	-0.14731901561512473
2109	190-194	-0.11715969948798488
2109	195-199	-0.2671417722950906
2109	200-204	-0.07301659210849465
2109	205-209	-0.10022543840425868
2109	210-214	0.032771389474063994
2109	215-219	-0.4104021661629318
2109	220-224	0.15555087360269582
2109	225-229	-0.2745686357421455
2109	230-234	0.28314268115434515
2109	235-239	0.8611049130496582
2109	240-244	-0.09408391410460126
2109	245-249	-0.4558119954799089
2109	250-251	-0.061199924700051866
2110	1	-0.1004958331243202
2110	2	-0.0902968040162122
2110	3	-0.07249701269488185
2110	4	-0.034857756252193894
2110	5	0.02405128217248631
2110	6	-0.12411133377793959
2110	7	0.058749265818889285
2110	8	0.06595539643106463
2110	9	-0.0812204357561086
2110	10-14	-0.07357023170164467
2110	15-19	-0.027248438479936965
2110	20-24	-0.002798029630092458
2110	25-29	-0.06922129547373146
2110	30-34	-0.11133450900440067
2110	35-39	-0.03662337032975671
2110	40-44	-0.07185266012490388
2110	45-49	-0.05543089581053806
2110	50-54	-0.10181552040229747
2110	55-59	-0.16973314663272987
2110	60-64	-0.04405225447461447
2110	65-69	-0.14468414149046538
2110	70-74	-0.1066497845056773
2110	75-79	-0.10482106944171932
2110	80-84	-0.002131101394283519
2110	85-89	-0.10269072008804869
2110	90-94	-0.09048426834917933
2110	95-99	-0.08259461677098301
2110	100-104	-0.0737003482500711
2110	105-109	-0.05122053687566108
2110	110-114	-0.0883498681204955
2110	115-119	-0.05836897872703872
2110	120-124	-0.34063434712864904
2110	125-129	-0.31942010022786604
2110	130-134	-0.267661069395146
2110	135-139	-0.2735185346135438
2110	140-144	-0.1712323240947029
2110	145-149	-0.24584389348539304
2110	150-154	-0.2973882080763488
2110	155-159	-0.1522653072602651
2110	160-164	-0.12345040012112207
2110	165-169	-0.08230533675229168
2110	170-174	-0.13813079441367648
2110	175-179	-0.12051950652278975
2110	180-184	-0.39488127729854483
2110	185-189	-0.2586964867961896
2110	190-194	-0.22879137758005896
2110	195-199	-0.2527782866706687
2110	200-204	-0.19589375043011614
2110	205-209	-0.09555361588343203
2110	210-214	0.06968901116158577
2110	215-219	0.07070325706236957
2110	220-224	0.0967275544469608
2110	225-229	0.2981259512162566
2110	230-234	-0.17053992424419562
2110	235-239	-0.4867045901576965
2110	240-244	-0.07495720467088418
2110	245-249	-0.2313770633129124
2110	250-251	-0.20008499333380314
2111	1	-0.0747492926852047
2111	2	0.026364065879732834
2111	3	0.1210261156183563
2111	4	0.0790568648761436
2111	5	0.060941197830622684
2111	6	0.142640016147908
2111	7	-0.0905943930982076
2111	8	-0.24323243933199024
2111	9	-0.08522948696679578
2111	10-14	-0.010269781867663141
2111	15-19	-0.03615712421913031
2111	20-24	-0.012917358331954176
2111	25-29	-0.03968512190604656
2111	30-34	-0.08437996049838148
2111	35-39	-0.06312019421088166
2111	40-44	-0.12971655595811882
2111	45-49	-0.006629263017124742
2111	50-54	0.045401837774875275
2111	55-59	-0.056866690299607114
2111	60-64	-0.09250974881739893
2111	65-69	-0.08060026385142294
2111	70-74	0.012816408418800052
2111	75-79	-0.01879093118731845
2111	80-84	0.045794496416675656
2111	85-89	-0.01659329677691801
2111	90-94	0.0029865013320389266
2111	95-99	-0.1038130430133819
2111	100-104	0.1183860974254145
2111	105-109	-0.038413670646782805
2111	110-114	0.08095680569224584
2111	115-119	0.11364776682745514
2111	120-124	-0.12323672002355579
2111	125-129	-0.07389296458221395
2111	130-134	0.17531318118994932
2111	135-139	-0.10350955911108883
2111	140-144	-0.031225302316897796
2111	145-149	-0.006470107663638203
2111	150-154	0.0453777799206847
2111	155-159	0.07387673575610876
2111	160-164	0.05617795469446918
2111	165-169	0.208493807534893
2111	170-174	0.2073053703675498
2111	175-179	0.04626130896354397
2111	180-184	0.18648916732984588
2111	185-189	0.09920713630290834
2111	190-194	0.20500416206444783
2111	195-199	0.0713452341975156
2111	200-204	0.0766314831246575
2111	205-209	0.1441728121529593
2111	210-214	0.2189047607209318
2111	215-219	0.5395575679248878
2111	220-224	0.09521676496773424
2111	225-229	0.4702145901242645
2111	230-234	0.5702201195476277
2111	235-239	0.5701733004865375
2111	240-244	0.6116293267554411
2111	245-249	0.10251933474798136
2111	250-251	-0.23071610547487253
2112	1	-0.036732949707669604
2112	2	-0.03715781055135636
2112	3	-0.08248281779270172
2112	4	-0.011760181728959651
2112	5	-0.05016508379540596
2112	6	-0.26326320551636684
2112	7	-0.44590762213739055
2112	8	-0.4101381939191455
2112	9	-0.003385055476734067
2112	10-14	-0.20097325034703317
2112	15-19	-0.15804294155550735
2112	20-24	-0.08885280686612163
2112	25-29	-0.03802350631260509
2112	30-34	-0.046020746806732404
2112	35-39	-0.10062613565803247
2112	40-44	-0.0935256206195092
2112	45-49	-0.029200939682766602
2112	50-54	-0.08668931705604166
2112	55-59	-0.042754978514416564
2112	60-64	-0.047774756431685717
2112	65-69	-0.09054511718471048
2112	70-74	-0.18661252382898397
2112	75-79	-0.11115292038706315
2112	80-84	0.0952771336301268
2112	85-89	-0.033413645146467275
2112	90-94	-0.059946799550580465
2112	95-99	-0.13250138527315158
2112	100-104	-5.8081810556416364
2112	105-109	-0.6548208048344222
2112	110-114	-0.15268844251983893
2112	115-119	-0.3400903609186159
2112	120-124	-0.6425127172002334
2112	125-129	-0.43051716100496407
2112	130-134	-0.29605684246077146
2112	135-139	-0.6318420706866732
2112	140-144	-0.5933006414606581
2112	145-149	-0.3773887330825829
2112	150-154	-0.3182967795039673
2112	155-159	-0.24837062822313527
2112	160-164	-0.2534916193895427
2112	165-169	-0.2683282064890591
2112	170-174	-0.19396978244301266
2112	175-179	-0.28047929164205243
2112	180-184	-0.2643507907730154
2112	185-189	-0.21759652700151122
2112	190-194	-0.22799106851571338
2112	195-199	-0.19771626364797612
2112	200-204	-0.27232998730392666
2112	205-209	-0.44530207852746173
2112	210-214	-0.024000109395259983
2112	215-219	-0.2895530531937709
2112	220-224	-0.35155017052580817
2112	225-229	-0.27171837343911065
2112	230-234	0.26835794579126926
2112	235-239	0.11871277295806237
2112	240-244	-0.28236694125744677
2112	245-249	-0.09706313155560053
2112	250-251	-0.5024411215511009
2113	1	0.09907308604710607
2113	2	0.06601840746341026
2113	3	0.06844677542289901
2113	4	0.06012991348251262
2113	5	0.07336347015344558
2113	6	0.019952688258214835
2113	7	-0.020167476791911554
2113	8	0.1999673032186422
2113	9	0.04781117127048873
2113	10-14	0.09181996456305086
2113	15-19	0.04381075688456093
2113	20-24	0.11780838906723545
2113	25-29	0.10900895739848693
2113	30-34	0.089783200750162
2113	35-39	0.07760612560316815
2113	40-44	0.10893406140651507
2113	45-49	0.03960515076789051
2113	50-54	0.006361588567472154
2113	55-59	0.011662573045427393
2113	60-64	0.051273064018865
2113	65-69	0.09185463751225598
2113	70-74	0.07811689594584692
2113	75-79	0.13721030061787332
2113	80-84	0.2879723820232343
2113	85-89	0.048410115195920866
2113	90-94	0.05211534975185117
2113	95-99	0.008332155157596333
2113	100-104	0.3144760660373933
2113	105-109	0.08029088461908174
2113	110-114	0.11864678052477018
2113	115-119	-0.04824697389674526
2113	120-124	0.05774262184595358
2113	125-129	0.10009284502711324
2113	130-134	0.18370452305966722
2113	135-139	-0.013957075643425298
2113	140-144	-0.0761764066873667
2113	145-149	-0.07955534808012743
2113	150-154	-0.08175532867267776
2113	155-159	-0.022597397472168268
2113	160-164	0.02793887454654964
2113	165-169	0.04579208230293119
2113	170-174	0.25020650610751005
2113	175-179	0.07185732117343946
2113	180-184	0.10701834694153689
2113	185-189	0.16081516488261371
2113	190-194	0.0919851873773112
2113	195-199	0.010769480686633415
2113	200-204	0.00800381563222885
2113	205-209	-0.07191868396775192
2113	210-214	-0.09943546620995392
2113	215-219	-0.039247952261767693
2113	220-224	0.24629027859112185
2113	225-229	-0.009017752344330887
2113	230-234	0.3544988339278632
2113	235-239	-0.03785993020224154
2113	240-244	-0.14588685280353175
2113	245-249	-0.296909843132493
2113	250-251	-0.44431679908297284
2114	1	0.014956439137066013
2114	2	0.00490380538383306
2114	3	-0.023662944547808706
2114	4	-0.08435906905548762
2114	5	0.0676256910229398
2114	6	-0.2645488709580519
2114	7	0.17431658813389106
2114	8	0.22954059350678335
2114	9	0.002740422572074408
2114	10-14	0.0965424808270825
2114	15-19	0.06479831567042282
2114	20-24	0.03261001684283116
2114	25-29	0.016107220366869512
2114	30-34	-0.0668616825030739
2114	35-39	-0.10072180891383198
2114	40-44	-0.01226054797322007
2114	45-49	-0.05133222223619072
2114	50-54	0.011178675946084127
2114	55-59	0.03152076928000014
2114	60-64	-0.06626160732833597
2114	65-69	0.0043914834688862925
2114	70-74	0.03526751583584087
2114	75-79	0.11015791929997931
2114	80-84	0.13206947023230953
2114	85-89	-0.025182608444325183
2114	90-94	-0.007494757431494747
2114	95-99	-0.020570353398738916
2114	100-104	0.128712757625415
2114	105-109	-0.05801956918273987
2114	110-114	-0.07914430149580909
2114	115-119	-0.17698069982710507
2114	120-124	-0.13140237414649647
2114	125-129	-0.11468827813462212
2114	130-134	0.015563249181496985
2114	135-139	-0.13882290598230185
2114	140-144	-0.3910375080470345
2114	145-149	-0.18386844852355466
2114	150-154	-0.2751814328031017
2114	155-159	-0.2354146268749986
2114	160-164	-0.013864413053106261
2114	165-169	-0.17763981235098214
2114	170-174	0.011379255395873145
2114	175-179	-0.14578737678129272
2114	180-184	-0.2580908195595484
2114	185-189	-0.23829546035427285
2114	190-194	-0.271822897319133
2114	195-199	-0.18016217304658966
2114	200-204	-0.3880358033839926
2114	205-209	-0.17456468365056566
2114	210-214	0.16023568078423267
2114	215-219	-0.2832037816126842
2114	220-224	-0.17381782773754395
2114	225-229	-0.19496987780975417
2114	230-234	-0.16893879004456736
2114	235-239	-0.3615495305076486
2114	240-244	-0.47595995285215054
2114	245-249	-0.23366489318754446
2114	250-251	-0.1511559325675158
2115	1	0.058841462891983554
2115	2	0.07342680344677888
2115	3	0.060710422419006704
2115	4	0.08842770424581659
2115	5	0.056286666185059175
2115	6	0.06349742695322647
2115	7	0.22022690057006145
2115	8	0.2701102216841704
2115	9	0.1919590342430979
2115	10-14	0.15522122589657528
2115	15-19	0.09230830939205958
2115	20-24	0.036417132347573045
2115	25-29	0.07803456151913224
2115	30-34	0.1133640948904926
2115	35-39	0.011798401853674534
2115	40-44	0.03905785034836384
2115	45-49	0.04007789439852871
2115	50-54	0.03581745550652471
2115	55-59	0.00913198116188596
2115	60-64	-0.2232309464881368
2115	65-69	-0.11474811177643574
2115	70-74	-0.08318566166682473
2115	75-79	-0.09244474401612024
2115	80-84	0.01196088312027399
2115	85-89	-0.04595339551380562
2115	90-94	-0.035490906272656275
2115	95-99	-0.010663713218271198
2115	100-104	0.060533769191145836
2115	105-109	-0.08178752719064164
2115	110-114	-0.0579275382566351
2115	115-119	0.20297753626124404
2115	120-124	0.24431347341483445
2115	125-129	0.13798726299285136
2115	130-134	0.34193258400058113
2115	135-139	0.13863648024558728
2115	140-144	0.13536298680459424
2115	145-149	0.17475063980631234
2115	150-154	-0.06950762711024083
2115	155-159	-0.014049011858176641
2115	160-164	-0.04212061722117966
2115	165-169	0.24442110086295088
2115	170-174	0.15355474810975522
2115	175-179	6.09052596232118E-4
2115	180-184	0.02893206606464105
2115	185-189	0.046131640146036546
2115	190-194	-0.08588549216933217
2115	195-199	0.041203744868028025
2115	200-204	-0.06124009606678271
2115	205-209	0.11179707096594171
2115	210-214	-0.3829178500150263
2115	215-219	-0.1494378916483896
2115	220-224	-0.06352279419308005
2115	225-229	0.0588068372559043
2115	230-234	-0.3015163054784047
2115	235-239	-0.4127504552307144
2115	240-244	-0.24876780725926295
2115	245-249	-0.19208768926683106
2115	250-251	-0.4093592329116902
2116	1	0.04044618723774107
2116	2	-0.05503918410885689
2116	3	-0.052953804791229686
2116	4	-0.0316873330417522
2116	5	-0.0537757592758652
2116	6	-0.2238299188376729
2116	7	-0.1395077862717784
2116	8	-0.19702318180580392
2116	9	0.11104977698814622
2116	10-14	-0.14933763993010984
2116	15-19	-0.10759657471514572
2116	20-24	-0.12586775321329213
2116	25-29	-0.03666962245454641
2116	30-34	-0.1079926640874973
2116	35-39	-0.12880455047136508
2116	40-44	-0.15451296706559958
2116	45-49	-0.011401614118270231
2116	50-54	-0.1050513340646333
2116	55-59	-0.15794843681253923
2116	60-64	-0.5429984218197674
2116	65-69	-0.2837358007530071
2116	70-74	-0.3420282187956971
2116	75-79	-0.37033052875523964
2116	80-84	-0.2946264702513872
2116	85-89	-0.36691689543683026
2116	90-94	-0.3561595837143372
2116	95-99	-0.3496328843045049
2116	100-104	-0.24549481444078225
2116	105-109	-0.4724472459542355
2116	110-114	-0.3362220344295608
2116	115-119	-0.03682374553718404
2116	120-124	-0.108060686054678
2116	125-129	-0.17675031584616363
2116	130-134	-0.04706362635407402
2116	135-139	-0.19133314136371382
2116	140-144	-0.222872859301944
2116	145-149	-0.08878283125172004
2116	150-154	-0.39790566637388025
2116	155-159	-0.3573029183621159
2116	160-164	-0.23745397418286984
2116	165-169	-0.12343646041072276
2116	170-174	0.024079045920082365
2116	175-179	-0.22689416685351205
2116	180-184	-0.20861661513313834
2116	185-189	-0.32927744524927505
2116	190-194	-0.32876482123697315
2116	195-199	-0.2099090149428804
2116	200-204	-0.36280169082692026
2116	205-209	-0.5545316487449483
2116	210-214	-0.4938635648518215
2116	215-219	-0.7222144440291629
2116	220-224	-0.46797631312449184
2116	225-229	-0.8718955505551094
2116	230-234	-0.3403628612348193
2116	235-239	-1.3051819355149092
2116	240-244	-0.908707063613523
2116	245-249	-0.5064147337167455
2116	250-251	-0.3203861723041328
2117	1	0.05417817701131611
2117	2	0.07697879681669662
2117	3	-0.07038908910508468
2117	4	-0.022875703761513932
2117	5	-0.012277247872631847
2117	6	-0.09705267336697432
2117	7	0.040389624203520214
2117	8	0.22320350885486562
2117	9	-0.010773348891227386
2117	10-14	0.021379998862116167
2117	15-19	0.014564489829218985
2117	20-24	0.0029521195676238676
2117	25-29	0.022615851095309836
2117	30-34	-0.04815096173170019
2117	35-39	0.02050253900362975
2117	40-44	-0.027996038899708253
2117	45-49	0.02549313903072914
2117	50-54	-0.06462093700778127
2117	55-59	-0.03384071351365492
2117	60-64	-0.12312978759893412
2117	65-69	-0.06994709356556683
2117	70-74	-0.07653113283301849
2117	75-79	-0.17306698025806355
2117	80-84	-0.06381563159064285
2117	85-89	-0.08292170243763763
2117	90-94	-0.08337515084078007
2117	95-99	-0.013539124249000167
2117	100-104	0.07602642608274834
2117	105-109	-0.17318993376098746
2117	110-114	-0.2864328187148928
2117	115-119	0.051318032589328766
2117	120-124	0.2371775756074328
2117	125-129	0.05591575183021291
2117	130-134	0.19636862213484108
2117	135-139	0.04610489617726188
2117	140-144	0.10357072122511823
2117	145-149	-0.08422753503423763
2117	150-154	-0.16295127475422078
2117	155-159	-0.11015744207951172
2117	160-164	-0.11663954229475593
2117	165-169	0.1355548417118584
2117	170-174	0.11422202158478711
2117	175-179	-8.768997550063773E-4
2117	180-184	0.0011655693987293603
2117	185-189	-0.18009916765671363
2117	190-194	-0.13671897851137516
2117	195-199	-0.31564684809919896
2117	200-204	-0.357323022901717
2117	205-209	-0.286864768320811
2117	210-214	-0.699730892419204
2117	215-219	-0.6847721764668826
2117	220-224	-0.76829748712289
2117	225-229	-0.44979527473224934
2117	230-234	-0.7012160654389668
2117	235-239	-1.060588999099739
2117	240-244	-0.7469601953736387
2117	245-249	0.13680732308636223
2117	250-251	-0.45931498063227494
2118	1	0.0544722226540344
2118	2	0.0437709519825944
2118	3	0.07519264068036335
2118	4	0.03265203616282264
2118	5	0.02968543199728657
2118	6	-0.10416709317998141
2118	7	0.18173654972412834
2118	8	-0.05580254765927606
2118	9	-0.19639189354838038
2118	10-14	-0.11657979770831162
2118	15-19	0.011811334001663454
2118	20-24	-0.053509912988829456
2118	25-29	-0.027720543148234356
2118	30-34	-0.02338505119994494
2118	35-39	-0.07336670541670287
2118	40-44	-0.16127570514407807
2118	45-49	-0.06712161912945191
2118	50-54	-0.01970281929210671
2118	55-59	5.892127226303501E-5
2118	60-64	0.027920947155259057
2118	65-69	0.01581461771775139
2118	70-74	0.0744654888556866
2118	75-79	0.04777352891429132
2118	80-84	0.08125803370076312
2118	85-89	-0.0379889349329261
2118	90-94	-0.05624910479066614
2118	95-99	0.051419704454765736
2118	100-104	0.12060977193669231
2118	105-109	-0.14547559326892667
2118	110-114	0.027261886535768554
2118	115-119	0.0615900759483381
2118	120-124	-0.009190018540188305
2118	125-129	-0.1430130796734872
2118	130-134	-0.0772832834038013
2118	135-139	-0.1081322590009961
2118	140-144	-0.14252890861590828
2118	145-149	-0.003148981353795932
2118	150-154	-0.14332814225598867
2118	155-159	-0.2620363899305218
2118	160-164	-0.1337497405043777
2118	165-169	0.013236389446070973
2118	170-174	0.14505817635672713
2118	175-179	-0.14580852181543236
2118	180-184	-0.1343434896297495
2118	185-189	-0.10359462841175571
2118	190-194	-0.1793456162716609
2118	195-199	-0.09687165655683572
2118	200-204	-0.0024316713565397663
2118	205-209	0.036112457727284664
2118	210-214	-0.5084937014889803
2118	215-219	-0.61576421408801
2118	220-224	-1.671087577723501
2118	225-229	-1.3903893139084005
2118	230-234	-0.8793971803194438
2118	235-239	-1.0361698091371778
2118	240-244	-0.7753599299356218
2118	245-249	-1.0029633070858637
2118	250-251	-0.498374895609043
2119	1	0.0518894615628227
2119	2	-0.04178538713015456
2119	3	0.02181601925875043
2119	4	0.04070825575689696
2119	5	0.06813380018292037
2119	6	0.18129252266304974
2119	7	0.09849969979606499
2119	8	0.06025379633346972
2119	9	0.12161054512861824
2119	10-14	0.09799494496263605
2119	15-19	0.03438285951141751
2119	20-24	0.04186098444000663
2119	25-29	0.048722634370818696
2119	30-34	-0.008234203758867409
2119	35-39	0.03946291093010501
2119	40-44	-0.10619442933263201
2119	45-49	-0.015139658690095814
2119	50-54	0.01741121626274378
2119	55-59	0.054576879212490326
2119	60-64	0.03465952034751041
2119	65-69	0.032466158281437174
2119	70-74	0.20857789853754127
2119	75-79	0.013732176363340898
2119	80-84	0.08788793573609865
2119	85-89	0.07090875068585234
2119	90-94	0.07728114808342212
2119	95-99	0.10251650030114234
2119	100-104	0.13551290706229224
2119	105-109	-0.03245215840453142
2119	110-114	0.18480945283715755
2119	115-119	0.11792874826863908
2119	120-124	0.18165421823381678
2119	125-129	0.08135711863918971
2119	130-134	0.2534042120981823
2119	135-139	0.02671883425782795
2119	140-144	0.0247344497709463
2119	145-149	-0.03870618647522406
2119	150-154	0.05344400571413388
2119	155-159	-0.09907540558161543
2119	160-164	-0.1645586663906684
2119	165-169	0.1609663585995449
2119	170-174	0.11687299541954843
2119	175-179	-0.022611243150443272
2119	180-184	0.0465659391653972
2119	185-189	0.02949532357969531
2119	190-194	-0.10435987726175
2119	195-199	0.03150476790000312
2119	200-204	-0.1295802470536387
2119	205-209	0.07818956708255342
2119	210-214	-0.07435435611527197
2119	215-219	-0.2739356367624808
2119	220-224	-0.8051768584883341
2119	225-229	-0.8340203656546699
2119	230-234	-0.48243079118860877
2119	235-239	-0.04397906946266161
2119	240-244	-0.15286215826495564
2119	245-249	-0.5003855309704583
2119	250-251	-0.281955780255462
>>END_MODULE
>>Per sequence quality scores	pass
#Quality	Count
2	728.0
3	0.0
4	0.0
5	0.0
6	0.0
7	0.0
8	0.0
9	0.0
10	0.0
11	2.0
12	10.0
13	88.0
14	362.0
15	856.0
16	1637.0
17	2604.0
18	3340.0
19	4123.0
20	4882.0
21	5762.0
22	6750.0
23	8014.0
24	9796.0
25	12084.0
26	14897.0
27	18794.0
28	23460.0
29	29788.0
30	37814.0
31	48356.0
32	62808.0
33	83704.0
34	117384.0
35	183155.0
36	364403.0
37	1222923.0
>>END_MODULE
>>Per base sequence content	fail
#Base	G	A	T	C
1	48.31408997987473	17.842257416451922	9.280332093362894	24.56332051031045
2	20.70120063709434	18.39499672810076	33.11214941731973	27.79165321748517
3	23.109882899520063	22.919036809307364	28.496213945169675	25.474866346002905
4	13.97934382104916	15.221739521544267	37.354991366066436	33.443925291340136
5	14.697750591323027	35.95385122824099	35.02550493959774	14.32289324083824
6	33.032071667821974	36.74532453536385	16.131212860416017	14.09139093639816
7	26.200548902987748	28.698965868182146	22.05123388523483	23.04925134359528
8	27.565177820227216	31.573739436880565	18.518552815156212	22.342529927736006
9	23.96242871933807	11.785451601466798	18.945619447251868	45.30650023194326
10-14	26.409818167066174	20.621175802409038	26.33150424464987	26.637501785874917
15-19	25.57684200871683	26.330445948401003	23.616110091031114	24.47660195185105
20-24	25.261787215428548	24.761407110692495	24.611040851999032	25.36576482187992
25-29	25.130435012673097	24.66705118097042	25.033159949131228	25.169353857225254
30-34	25.290634607345634	24.734464652023373	24.60549361582788	25.36940712480311
35-39	25.18208751225905	24.722993332858803	24.919826103415883	25.175093051466263
40-44	25.238122505454175	24.720175451211873	24.691897645460195	25.349804397873754
45-49	25.187160242361923	24.642179632869293	24.913394246341017	25.25726587842777
50-54	25.205709794843994	24.759358269877332	24.791410859795487	25.243521075483187
55-59	25.242604913272647	24.643836656528684	24.767988570174957	25.34556986002371
60-64	25.142786339243838	24.780397931215454	24.856943914656227	25.21987181488448
65-69	25.264761641708528	24.709410437312957	24.699778636790377	25.326049284188134
70-74	25.138920561412537	24.706535242083508	24.826678205210666	25.32786599129329
75-79	25.265208785253062	24.624476600998875	24.758745270504313	25.351569343243746
80-84	25.091662316169288	24.77661527752622	24.818868373482207	25.312854032822287
85-89	25.220486562027933	24.6736437876838	24.722921879641774	25.382947770646492
90-94	25.13684036233197	24.732054432584416	24.822054339112704	25.30905086597091
95-99	25.193233673542547	24.74762535442671	24.721612957651427	25.337528014379316
100-104	25.149505245298272	24.64952605394924	24.87081221433875	25.330156486413735
105-109	25.180085629267012	24.734882883489142	24.78504985017921	25.29998163706464
110-114	25.25217967893459	24.719548081679026	24.72115287979228	25.307119359594104
115-119	25.181374548125074	24.652496880258916	24.857133562303066	25.30899500931294
120-124	25.178523192275073	24.637123762839526	24.79771154528789	25.386641499597516
125-129	25.13409680692986	24.77263966317469	24.77621630057916	25.317047229316287
130-134	25.193721742638402	24.619926966633567	24.7243496272476	25.46200166348043
135-139	25.147928510200302	24.743409160418818	24.851280987027213	25.257381342353668
140-144	25.217278879386036	24.678287210939903	24.736968601079788	25.367465308594273
145-149	25.15765883054649	24.673184833305157	24.804638503322675	25.364517832825673
150-154	25.165069524048313	24.710916940985992	24.74797486531577	25.376038669649926
155-159	25.185359267077217	24.757161914333576	24.745983682550772	25.311495136038438
160-164	25.17323088225347	24.65779924711149	24.788974385405325	25.379995485229717
165-169	25.041239265339488	24.732991729389088	24.942093411995884	25.28367559327554
170-174	25.16058301271788	24.645161375088357	24.76195499283566	25.432300619358106
175-179	25.153520542338704	24.64546273781723	24.834446683575806	25.366570036268264
180-184	25.182138275970683	24.664282410190005	24.78411973347251	25.369459580366804
185-189	25.143454806229226	24.763350807001522	24.72210240253999	25.37109198422926
190-194	25.151613594060123	24.63432919515474	24.78000923287448	25.43404797791065
195-199	25.17066139889932	24.684728956534684	24.74569824547183	25.39891139909417
200-204	25.122896759242035	24.702932652398772	24.795263930054602	25.37890665830459
205-209	25.083747505768923	24.635735384327827	24.823442739811558	25.457074370091696
210-214	25.134113508776394	24.639591480840707	24.797762070266092	25.42853294011681
215-219	25.143447906729925	24.688594335213736	24.760462074956017	25.407495683100322
220-224	25.107388535544466	24.563777765189656	24.816076722325764	25.51275697694011
225-229	25.084754486066874	24.59945084281652	24.832572753702753	25.483221917413857
230-234	25.0989760047738	24.610630628562976	24.795268957597255	25.495124409065966
235-239	25.089176492967415	24.553205285091103	24.772004956162874	25.585613265778605
240-244	25.028415499035496	24.5536390681716	24.83398701341651	25.583958419376394
245-249	25.253953168719356	24.704622723529386	24.783850265118787	25.257573842632468
250-251	29.71712480284391	30.32435841154037	26.487053833801173	13.47146295181455
>>END_MODULE
>>Per sequence GC content	fail
#GC Content	Count
0	728.0
1	364.0
2	0.0
3	0.0
4	0.0
5	0.0
6	0.0
7	0.0
8	0.0
9	0.0
10	0.3333333333333333
11	1.0
12	0.6666666666666666
13	0.6666666666666666
14	2.1666666666666665
15	4.166666666666666
16	12.333333333333334
17	21.499999999999996
18	29.999999999999993
19	63.000000000000085
20	105.33333333333309
21	166.16666666666688
22	247.83333333333485
23	386.33333333333064
24	612.0000000000001
25	967.6666666666929
26	1394.3333333333055
27	1902.1666666665562
28	2541.5000000000296
29	3379.666666667001
30	4268.666666667138
31	5137.166666666514
32	6184.166666665741
33	7302.999999998231
34	8126.333333330987
35	8845.999999998608
36	9797.166666666571
37	10951.333333334946
38	12243.833333336832
39	14172.00000000635
40	16441.333333342685
41	18871.500000002416
42	21502.166666661222
43	24770.49999998508
44	28712.49999997385
45	33456.33333329924
46	39072.33333333173
47	46327.50000004171
48	55228.00000009548
49	64236.33333348346
50	73681.66666672671
51	83513.9999999398
52	88906.83333320713
53	91419.33333317611
54	89298.49999986884
55	82843.66666661525
56	73860.1666667238
57	61747.6666668008
58	49133.00000005792
59	37221.333333321265
60	27080.499999979664
61	18844.833333335424
62	12715.333333336988
63	8207.666666664774
64	5178.499999999857
65	3216.500000000195
66	1924.6666666665915
67	1141.1666666666754
68	674.0000000000035
69	416.8333333333306
70	231.1666666666675
71	110.1666666666665
72	61.3333333333334
73	41.666666666666686
74	24.999999999999986
75	17.66666666666667
76	15.666666666666675
77	11.333333333333334
78	8.166666666666664
79	4.333333333333333
80	4.166666666666667
81	6.166666666666665
82	4.666666666666666
83	2.6666666666666665
84	4.0
85	3.666666666666667
86	3.0
87	2.333333333333333
88	3.3333333333333335
89	2.333333333333333
90	2.6666666666666665
91	3.0
92	3.3333333333333335
93	1.9999999999999998
94	1.3333333333333333
95	2.333333333333333
96	2.333333333333333
97	1.9999999999999998
98	3.3333333333333335
99	4.666666666666666
100	23.5
>>END_MODULE
>>Per base N content	pass
#Base	N-Count
1	0.03209135102824568
2	0.03209135102824568
3	0.03209135102824568
4	0.03209135102824568
5	0.03209135102824568
6	0.03209135102824568
7	0.03209135102824568
8	0.03209135102824568
9	0.03209135102824568
10-14	0.03209135102824568
15-19	0.03209135102824568
20-24	0.03209135102824568
25-29	0.03209135102824568
30-34	0.03209135102824568
35-39	0.006420732049886618
40-44	0.0
45-49	0.0
50-54	0.0
55-59	0.0
60-64	0.0
65-69	0.0
70-74	0.0
75-79	0.0
80-84	0.0
85-89	0.0
90-94	0.0
95-99	0.0
100-104	0.0
105-109	0.0
110-114	0.0
115-119	0.0
120-124	0.0
125-129	0.0
130-134	0.0
135-139	0.0
140-144	0.0
145-149	0.0
150-154	0.0
155-159	0.0
160-164	0.0
165-169	0.0
170-174	0.0
175-179	0.0
180-184	0.0
185-189	0.0
190-194	0.0
195-199	0.0
200-204	0.0
205-209	0.0
210-214	0.0
215-219	0.0
220-224	0.0
225-229	0.0
230-234	0.0
235-239	0.0
240-244	0.0
245-249	0.0
250-251	0.0
>>END_MODULE
>>Sequence Length Distribution	warn
#Length	Count
35-39	1325.0
40-44	1251.0
45-49	1012.0
50-54	1578.0
55-59	1273.0
60-64	2096.0
65-69	1678.0
70-74	2514.0
75-79	2238.0
80-84	2909.0
85-89	2958.0
90-94	3196.0
95-99	3808.0
100-104	3705.0
105-109	4695.0
110-114	4292.0
115-119	5779.0
120-124	4977.0
125-129	6948.0
130-134	5824.0
135-139	8299.0
140-144	7008.0
145-149	9864.0
150-154	8162.0
155-159	11440.0
160-164	10233.0
165-169	13409.0
170-174	11939.0
175-179	15217.0
180-184	14154.0
185-189	17143.0
190-194	17286.0
195-199	19861.0
200-204	20324.0
205-209	22433.0
210-214	23580.0
215-219	24855.0
220-224	26752.0
225-229	27868.0
230-234	30420.0
235-239	30367.0
240-244	32746.0
245-249	153838.0
250-252	1647270.0
>>END_MODULE
>>Sequence Duplication Levels	warn
#Total Deduplicated Percentage	62.514290701913886
#Duplication Level	Percentage of total
1	43.1373321776582
2	21.998677397736124
3	12.995613410466076
4	7.751365144241159
5	4.663665820226919
6	2.910473009909648
7	1.8588679818971399
8	1.1905361801799157
9	0.8097145924095611
>10	2.5112438290224257
>50	0.1235028348963811
>100	0.016894616543225726
>500	0.03211300481323324
>1k	0.0
>5k	0.0
>10k+	0.0
>>END_MODULE
>>Overrepresented sequences	pass
>>END_MODULE
>>Adapter Content	pass
#Position	Illumina Universal Adapter	Illumina Small RNA 3' Adapter	Illumina Small RNA 5' Adapter	Nextera Transposase Sequence	PolyA	PolyG
1	0.0	0.0	0.0	0.0	0.0	0.0
2	0.0	0.0	0.0	0.0	0.0	0.0
3	0.0	0.0	0.0	0.0	0.0	0.0
4	0.0	0.0	0.0	0.0	0.0	0.0
5	0.0	0.0	0.0	0.0	0.0	0.0
6	0.0	0.0	0.0	0.0	0.0	0.0
7	0.0	0.0	0.0	0.0	0.0	0.0
8	0.0	0.0	0.0	0.0	0.0	0.0
9	0.0	0.0	0.0	0.0	0.0	0.0
10-14	0.0	0.0	0.0	0.0	0.0	0.0
15-19	0.0	0.0	0.0	3.526522091016009E-5	0.0	3.526522091016009E-5
20-24	0.0	0.0	0.0	9.697935750294024E-5	3.526522091016009E-5	7.053044182032017E-5
25-29	0.0	0.0	0.0	1.4987718886818037E-4	1.3224457841310032E-4	8.816305227540021E-5
30-34	0.0	0.0	0.0	2.556728515986606E-4	1.8514240977834045E-4	8.816305227540021E-5
35-39	0.0	0.0	0.0	3.5265220910160085E-4	2.821217672812807E-4	8.816305227540021E-5
40-44	0.0	0.0	0.0	3.6146851432914084E-4	3.5265220910160085E-4	1.0579566273048026E-4
45-49	0.0	0.0	0.0	3.96733735239301E-4	4.231826509219211E-4	1.4106088364064035E-4
50-54	0.0	0.0	0.0	4.7608048228716114E-4	5.113457031973212E-4	1.7632610455080042E-4
55-59	0.0	0.0	0.0	6.612228920655015E-4	5.289783136524013E-4	2.1159132546096052E-4
60-64	0.0	0.0	0.0	7.934674704786019E-4	5.466109241074813E-4	2.556728515986606E-4
65-69	0.0	0.0	0.0	9.257120488917024E-4	7.141207234307417E-4	2.6448915682620065E-4
70-74	0.0	0.0	0.0	0.0010491403220772627	7.582022495684418E-4	2.997543777363607E-4
75-79	0.0	0.0	0.0	0.0014987718886818036	7.93467470478602E-4	3.0857068296390075E-4
80-84	0.0	0.0	0.0	0.0017015469089152243	8.11100080933682E-4	3.0857068296390075E-4
85-89	0.0	0.0	0.0	0.001983668676196505	8.816305227540022E-4	3.438359038740608E-4
90-94	0.0	0.0	0.0	0.0022305252225676255	9.786098802569425E-4	3.702848195566809E-4
95-99	0.0	0.0	3.526522091016009E-5	0.0023804024114358058	0.0010755892377598826	4.4081526137700115E-4
100-104	0.0	0.0	4.4081526137700106E-5	0.002591993736896766	0.0011196707638975827	5.377946188799413E-4
105-109	0.0	0.0	4.4081526137700106E-5	0.002777136146675107	0.001234282731855603	5.730598397901014E-4
110-114	0.0	0.0	4.4081526137700106E-5	0.0030680742191839276	0.001348894699813623	5.906924502451814E-4
115-119	0.0	0.0	4.4081526137700106E-5	0.0033501959864652084	0.0013665273102687033	6.524065868379616E-4
120-124	0.0	0.0	4.4081526137700106E-5	0.0037821949426146695	0.0014458740573165634	7.053044182032017E-4
125-129	0.0	0.0	4.4081526137700106E-5	0.00431117325626707	0.0015075881939093437	7.053044182032017E-4
130-134	0.0	0.0	4.4081526137700106E-5	0.004884233096057173	0.0016574653827775242	7.229370286582818E-4
135-139	0.0	0.0	4.4081526137700106E-5	0.005492558156757433	0.002036566507561745	7.582022495684418E-4
140-144	0.0	0.0	4.4081526137700106E-5	0.005818761450176414	0.002301055664387946	8.463653018438421E-4
145-149	0.0	0.0	4.4081526137700106E-5	0.006462351731786836	0.0028124013675852664	8.816305227540022E-4
150-154	0.0	0.0	4.4081526137700106E-5	0.007326349644085758	0.0030063600825911475	8.816305227540022E-4
155-159	0.0	0.0	4.4081526137700106E-5	0.00804928667274404	0.0032708492394173476	8.816305227540022E-4
160-164	0.0	0.0	4.4081526137700106E-5	0.008869203058905262	0.0034207264282855284	8.816305227540022E-4
165-169	0.0	0.0	4.4081526137700106E-5	0.009327650930737343	0.003755746026932049	8.816305227540022E-4
170-174	0.0	0.0	8.816305227540021E-5	0.009927159686210064	0.0039056232158002297	8.816305227540022E-4
175-179	0.0	0.0	8.816305227540021E-5	0.010888136956011927	0.004205377593536589	8.816305227540022E-4
180-184	0.0	0.0	8.816305227540021E-5	0.012069521856502289	0.004751988517644071	8.816305227540022E-4
185-189	0.0	0.0	8.816305227540021E-5	0.013436049166770995	0.005201620084248612	9.080794384366223E-4
190-194	0.0	0.0	8.816305227540021E-5	0.014978902581590497	0.005686516871763314	9.257120488917022E-4
195-199	0.0	0.0	8.816305227540021E-5	0.0166980821009608	0.006189046269733095	9.257120488917022E-4
200-204	0.0	0.0	8.816305227540021E-5	0.018302649652373083	0.006797371330433356	9.257120488917022E-4
205-209	0.0	0.0	8.816305227540021E-5	0.019924849814240447	0.007264635507492978	9.257120488917022E-4
210-214	0.0	0.0	8.816305227540021E-5	0.02202313045839497	0.007846511652510619	9.257120488917022E-4
215-219	0.0	0.0	8.816305227540021E-5	0.02432418612278292	0.00847246932366596	9.257120488917022E-4
220-224	0.0	0.0	8.816305227540021E-5	0.027013159217182624	0.009010263942545902	9.257120488917022E-4
225-229	0.0	0.0	8.816305227540021E-5	0.029878458416133135	0.009618589003246164	9.521609645743223E-4
230-234	0.0	0.0	8.816305227540021E-5	0.03408383600966973	0.010112302095988405	0.0010138751011671025
235-239	0.0	0.0	8.816305227540021E-5	0.03745166460659001	0.010561933662592945	0.0010138751011671025
240	0.0	0.0	8.816305227540021E-5	0.03768970484773359	0.010976300008287327	0.0010138751011671025
>>END_MODULE
